1800 0.5 -0.01136 1
1900 0.3 -0.035298301886792456 53
1800 0.2 0.006138148148148153 27
1900 0.6 -0.25862090909090907 11
1800 0.4 -0.0277325 4
1900 0.2 0.002427019607843148 255
1800 0.0 0.005069877049180327 488
2000 0.3 0.015432311643835593 584
2000 0.6 -0.1259045405405405 185
1800 0.8 -0.0555 1
1900 0.4 -0.11007849056603773 53
2000 0.4 -0.005733995271867625 423
1900 0.7 -0.2593035714285714 14
2000 0.5 -0.06878613861386144 303
1800 0.3 -0.07972 7
2000 0.8 -0.2849166666666665 120
1900 0.1 0.010090709759188838 789
2000 0.0 0.04779942201108471 1263
1900 1.0 -0.4171910526315789 19
1900 0.5 -0.13113055555555556 18
2000 0.7 -0.17212082089552241 134
1900 0.0 0.009698054775280901 1424
1900 0.9 -0.21875 2
2000 1.0 -0.5957733333333334 204
1800 1.0 -0.12668666666666667 3
2000 0.9 -0.44045258620689665 58
2000 0.2 0.05362395147313694 1154
2000 0.1 0.07167484995159731 2066
1800 0.6 0.4 1
1900 0.8 -0.24486833333333333 6
1700 0.0 0.0032255 20
1800 0.1 -0.008162 80
1700 0.1 -0.00019750000000000008 8
1800 0.5 -0.01136 1
1900 0.3 -0.035298301886792456 53
1800 0.2 0.006138148148148153 27
1900 0.6 -0.25862090909090907 11
1800 0.4 -0.0277325 4
1900 0.2 0.002427019607843148 255
1800 0.0 0.005069877049180327 488
2000 0.3 0.015432311643835593 584
2000 0.6 -0.1259045405405405 185
1800 0.8 -0.0555 1
1900 0.4 -0.11007849056603773 53
2000 0.4 -0.005733995271867625 423
1900 0.7 -0.2593035714285714 14
2000 0.5 -0.06878613861386144 303
1800 0.3 -0.07972 7
2000 0.8 -0.2849166666666665 120
1900 0.1 0.010090709759188838 789
2000 0.0 0.04779942201108471 1263
1900 1.0 -0.4171910526315789 19
1900 0.5 -0.13113055555555556 18
2000 0.7 -0.17212082089552241 134
1900 0.0 0.009698054775280901 1424
1900 0.9 -0.21875 2
2000 1.0 -0.5957733333333334 204
1800 1.0 -0.12668666666666667 3
2000 0.9 -0.44045258620689665 58
2000 0.2 0.05362395147313694 1154
2000 0.1 0.07167484995159731 2066
1800 0.6 0.4 1
1900 0.8 -0.24486833333333333 6
1700 0.0 0.0032255 20
1800 0.1 -0.008162 80
1700 0.1 -0.00019750000000000008 8
