1900 0.3 -0.037551220715690184 756122
1600 0.7 -0.006752380952380952 21
1700 0.4 -0.0749750506756754 2960
1900 0.1 0.01876991596785491 5423758
1800 0.4 -0.0862650907229973 64482
1800 0.5 -0.08097168546805088 57088
1700 0.5 -0.053462654390934845 3530
1900 0.4 -0.09732187895861326 344659
1700 0.3 -0.01513463636363626 10120
1600 0.2 -0.0016079380530973446 1130
2000 0.3 0.014126419837582862 2795024
2000 0.0 0.05210864688066646 3758050
1700 0.8 -0.23235061643835594 584
1900 0.6 -0.19885661030490998 112665
2000 0.4 -0.031083912329166755 1880330
1700 0.9 -0.3698145341614906 161
2000 0.5 -0.07160973431924046 1323167
1800 0.2 0.003560467836380311 475786
1500 0.6 -0.00151 1
2000 0.7 -0.1805496135898296 589477
1900 0.9 -0.39406095307672695 23954
1800 0.9 -0.34675296839212244 4366
1600 0.5 -0.009468611111111113 72
2000 1.0 -0.5357453663635873 717948
2000 0.2 0.05804568030852606 5376812
1500 0.3 -2.7272727272727344e-06 11
1600 0.9 -0.003785 4
1500 0.2 0.00017808823529411768 68
1800 0.1 0.013548767565347496 1148426
1700 0.2 0.003067949016710215 35188
1800 0.0 0.0073743507489541695 2706249
1600 1.0 -0.04341636363636364 33
1600 0.1 0.00023596633416458847 3208
1800 0.3 -0.02611784700358854 164213
1900 0.2 0.0019618143869836644 2182153
1600 0.6 -0.019756538461538464 26
1500 0.0 9.562088815789466e-06 4864
2000 0.9 -0.33837364069871695 230887
1800 0.8 -0.23513609934621948 14072
2000 0.1 0.07378103954054989 7881972
1500 0.4 7.50000000000002e-06 4
1900 0.7 -0.20603678401596995 93368
1800 0.7 -0.17283434687726607 19246
1900 1.0 -0.40892078436226487 129277
1900 0.5 -0.10941917973018943 252612
1700 1.0 -0.3473947368421058 1102
1500 0.5 -0.0005866666666666667 3
2000 0.8 -0.25761654957677954 482877
1600 0.8 -0.042681333333333335 15
1600 0.3 -0.006162316602316604 259
1900 0.0 0.017252362330259553 6125075
1600 0.0 0.0001349426872681866 53653
1500 0.1 0.00013057291666666667 192
1800 1.0 -0.3538425672463851 26507
2000 0.6 -0.131877948031588 859175
1700 0.6 -0.1872479977116705 874
1900 0.8 -0.2662432549573087 70855
1600 0.4 -0.03185791666666667 72
1800 0.6 -0.17737583113828462 21260
1700 0.0 0.0014766697546766466 576423
1700 0.7 -0.1540192974753021 911
1700 0.1 0.006897440654594222 87749
