1800 0.9 -0.35803215294890384 12174
1900 0.3 -0.041192896763337934 1649251
1600 0.7 -0.04966634146341463 41
1700 0.9 -0.35117248015873037 504
1900 0.1 0.02076150015690892 11671926
1800 0.4 -0.08508029846756338 168226
1700 0.2 0.0033263675247258355 89077
1800 0.0 0.00828809043965475 6076781
1700 0.5 -0.0677733971988794 8925
1700 0.3 -0.018713831125334816 26872
1600 0.2 -0.000966770186335404 2737
2000 0.3 0.01381612000429688 5516975
2000 0.0 0.05230178949381738 7095766
1700 0.8 -0.22298701543739333 1749
1900 0.6 -0.1982288092283808 264316
1600 1.0 -0.1272135211267606 71
2000 1.0 -0.5263076794999876 1368274
2000 0.5 -0.06973269267478814 2644352
1800 0.2 0.004267561184631029 1108530
1500 0.6 -0.00169 2
1800 1.0 -0.3596320431999763 70463
1900 0.4 -0.09784260267550113 794809
1900 0.9 -0.39186806327543855 56420
1600 0.0 0.00015068052783836973 129282
1800 0.7 -0.17996916230997698 49732
2000 0.2 0.0578978222716091 10667492
1500 0.3 0.0 21
1600 0.9 -0.22751684210526316 19
1500 0.2 6.324675324675328e-05 154
1800 0.1 0.016283868336593434 2635311
1700 0.4 -0.07873572102115892 8696
1800 0.5 -0.08588687658582922 139911
1600 0.1 0.0008181282081890877 8377
1800 0.3 -0.028473829343876222 393997
1900 0.2 0.0019075935863865296 4701191
1600 0.6 -0.031051851851851848 27
1500 0.4 -8.999999999999995e-05 7
2000 0.9 -0.327823899137461 463264
2000 0.6 -0.12793778322451127 1733238
1800 0.8 -0.2363471992431142 37522
2000 0.1 0.07346636503798033 15321364
1500 1.0 -0.002 2
1900 0.7 -0.21140127072879913 205331
1500 0.5 -0.0010166666666666666 9
1900 0.0 0.019052492402689084 12375464
1700 1.0 -0.3310551369863003 3358
1500 0.0 1.0735512630014851e-05 12114
2000 0.8 -0.2506600261378663 977517
1600 0.8 -0.07343612903225807 31
1600 0.3 -0.004771112852664575 638
1900 0.5 -0.1151068494683923 558401
1600 0.5 -0.006400299999999995 200
1500 0.1 9.125214408233278e-05 583
2000 0.7 -0.1753285730105267 1175881
1900 1.0 -0.4071133962080198 296993
2000 0.4 -0.029783097386575693 3762136
1700 0.6 -0.17697568846153802 2600
1900 0.8 -0.26382175593041385 164363
1600 0.4 -0.00830170854271357 199
1800 0.6 -0.17855334713486185 57240
1700 0.0 0.0019047180350835523 1401912
1700 0.7 -0.1486968131049885 2686
1700 0.1 0.007867821133128757 227141
