1900 0.3 -0.042988084415359534 873869
1600 0.7 -0.03309111111111112 18
1700 0.9 -0.3777366334164589 401
1700 0.6 -0.19048636806231672 2054
1900 0.1 0.018933876525661978 6617877
1800 0.9 -0.35091089879482973 6887
1700 0.2 0.008218168928064672 60582
1800 0.5 -0.08711893993950923 76373
1700 0.0 0.0019113314488728606 902115
1900 0.4 -0.09575378031466963 424134
1600 0.2 -0.001945754475703322 1564
2000 0.3 0.014722839103330358 3535789
2000 0.5 -0.071078252679034 1709560
1700 0.8 -0.2610555285714287 1400
1600 1.0 -0.048432972972972985 37
2000 1.0 -0.5313594770326145 900209
1800 1.0 -0.3595292581562922 37609
1900 0.9 -0.3815935547457309 30185
1800 0.2 0.0057672275567447065 601116
1500 0.6 -0.0021 1
2000 0.7 -0.1790480471914167 762599
1900 0.6 -0.19086105184541255 141922
1500 0.7 -0.0015999999999999999 3
1800 0.4 -0.08114855685177799 95063
1600 0.0 0.00015177473994182404 83539
1600 0.5 -0.0066778217821782185 101
2000 0.2 0.059758501271085035 6770316
1500 0.3 0.000155 18
1600 0.9 -0.2802225 4
1500 0.2 -0.00034885714285714283 105
1800 0.1 0.016379315823974727 1436984
1700 0.4 -0.08625318258212307 6545
1800 0.0 0.007415898254648205 3471215
1600 0.1 0.00016330439928980076 5069
1800 0.3 -0.026765533374130818 212440
1900 0.2 0.00040117091477888015 2536931
1600 0.6 -0.027608571428571434 28
1500 0.0 8.019297036526517e-06 7255
2000 0.4 -0.029257003349274866 2440478
1500 0.8 -0.00258 1
2000 0.6 -0.12941258806539163 1135578
1800 0.8 -0.23171954566832909 21262
2000 0.1 0.076050532335911 9759891
1500 0.4 -0.00068 4
1900 0.7 -0.20743869950465743 106990
1800 0.7 -0.17734873196326373 27444
1900 1.0 -0.39437033213262934 157407
1900 0.5 -0.11453474211774312 290811
1700 1.0 -0.3838370919400563 2469
1500 0.5 -0.0009875 4
2000 0.8 -0.2538411680700242 635176
1600 0.8 -0.04422999999999999 26
1600 0.3 -0.008340699999999996 400
1900 0.0 0.017578792919091302 7315218
1500 0.1 0.00013450704225352115 355
1700 0.3 -0.01808670396690689 18856
2000 0.9 -0.3328294221981201 305918
2000 0.0 0.05326196830339248 4492539
1900 0.8 -0.2537139511472921 87815
1600 0.4 -0.026740185185185176 108
1800 0.6 -0.1723082641084776 32888
1700 0.5 -0.07429860146394636 6421
1700 0.7 -0.16693638209506234 2167
1700 0.1 0.011494801297983841 144840
