1900 0.3 -0.03975677226962033 701527
1600 0.7 -0.00394764705882353 17
1700 0.9 -0.33238051724137935 174
1900 0.1 0.019098564757852713 5218973
1800 0.4 -0.08588555843080801 57966
1700 0.2 0.002673666843402021 32063
1800 0.5 -0.08194802111183877 50493
1700 0.0 0.0013974802694967387 559413
1900 0.4 -0.09663053809554245 336706
1600 0.2 -0.0018460094339622633 1060
2000 0.3 0.01371423702684305 2606127
2000 0.5 -0.07170551759715679 1233807
1700 0.8 -0.23530833333333337 450
1900 0.6 -0.19710276829454057 112889
2000 0.4 -0.029936763820111033 1771218
2000 0.0 0.05226859796601022 3766642
1800 0.2 0.002878204948831553 415977
1800 1.0 -0.35989728792394965 24826
1900 0.7 -0.2099133199982294 88988
1800 0.9 -0.35088412081193493 4089
1600 0.5 -0.0040421538461538455 65
2000 1.0 -0.5346656934002917 682499
2000 0.2 0.056734077678111935 5033372
1900 0.9 -0.38952919581666084 25243
1500 0.3 -0.00020266666666666667 15
1600 0.9 -0.011189999999999999 2
1500 0.2 -1.5399999999999998e-05 50
1800 0.1 0.01328806668242017 1024198
1700 0.4 -0.07455070844686633 2569
1800 0.0 0.007297993731193656 2561571
1600 1.0 -0.09801761904761905 21
1600 0.1 5.97538372429769e-05 3453
1800 0.3 -0.025898927859679104 144011
1900 0.2 0.0016599841007662655 2005757
1600 0.6 -0.07811350000000002 20
1500 0.0 1.558266224538132e-05 4222
2000 0.9 -0.3383127843107816 225097
1800 0.8 -0.23739821031746075 12600
2000 0.1 0.07331640973982989 7639544
1800 0.7 -0.17759097335946755 17342
1900 1.0 -0.4132877632563814 129617
1900 0.5 -0.11326949409994948 237201
1700 1.0 -0.31453536271808974 1089
1500 0.5 0.0 2
2000 0.8 -0.2554201444820754 452582
1600 0.8 -0.013973333333333332 3
1600 0.3 -0.005907645051194536 293
1900 0.0 0.017508715638420456 6050835
1600 0.0 0.0001770463828628473 55085
1500 0.1 7.466666666666669e-05 165
2000 0.7 -0.1803916730844973 549004
1700 0.3 -0.012398697179460575 9679
2000 0.6 -0.13093445116134653 810730
1700 0.6 -0.17776063131313138 792
1900 0.8 -0.26625418734500345 68953
1600 0.4 -0.012382727272727271 55
1800 0.6 -0.17880590442232752 18791
1700 0.5 -0.04926542620865135 3144
1700 0.7 -0.12712102813852832 924
1700 0.1 0.006395604485295874 79638
