1900 0.3 -0.042832603074506884 1022779
1600 0.7 -0.013226666666666663 18
1700 0.4 -0.07648889304812777 3740
1700 0.6 -0.16999681697612706 1131
1900 0.1 0.019293683576547673 7654976
1800 0.9 -0.3477849066827204 6644
1800 0.0 0.007770614422590357 3812783
1700 0.5 -0.06334929685502445 3911
1900 0.4 -0.09671184354221901 500672
1600 0.2 -0.0015996370106761582 1405
2000 0.0 0.05389691912058308 6516435
1700 0.8 -0.23982636363636337 737
2000 0.4 -0.032666447006516906 2871179
2000 1.0 -0.5462427519701314 1123715
1700 0.9 -0.3392703344481605 299
1900 0.9 -0.3848310708921948 39285
1800 0.2 0.0024051297196587685 598984
1800 1.0 -0.35424365971592503 39708
1900 0.6 -0.19729354744192407 168933
1500 0.7 -0.0011933333333333334 3
1800 0.4 -0.08353869883434786 89220
1600 0.0 0.0001230096765733068 72443
1600 0.5 -0.006774660194174755 103
2000 0.2 0.05695795244753955 8051949
1500 0.3 -0.00022500000000000002 24
1600 0.9 -0.029089999999999998 5
1500 0.2 9.20238095238095e-05 84
1800 0.1 0.013917389942390467 1511890
1700 0.2 0.001823330733413683 42309
1800 0.5 -0.08790006098568436 72640
1600 1.0 -0.10528758620689657 29
1600 0.1 -0.0005597001532063894 4569
1800 0.3 -0.029474625078767306 207897
1900 0.2 0.00021494628616862784 2939094
1600 0.6 -0.02238324324324325 37
1500 0.0 1.189260808926082e-05 7170
2000 0.3 0.012107752053495301 4201292
1800 0.8 -0.23052538901143158 19948
2000 0.1 0.075030108944535 12367040
1500 0.4 -0.00076 1
1900 0.7 -0.21113021102919924 129366
1800 0.7 -0.17692231160389224 26155
1900 1.0 -0.41178948952317945 202399
1900 0.5 -0.11881672308622025 342789
1700 1.0 -0.3461022108626198 1565
1500 0.5 -0.00093 1
2000 0.8 -0.26252127256967334 731960
1600 0.8 -0.01515230769230769 13
1600 0.3 -0.005225606936416183 346
1900 0.0 0.017916409249960952 9386713
1500 0.1 0.00011373860182370827 329
2000 0.7 -0.18760707189974438 886848
1700 0.3 -0.019457601760175885 12726
2000 0.6 -0.1358869430759561 1322846
2000 0.5 -0.07673152585881582 1989011
2000 0.9 -0.3474763359335537 367406
1600 0.4 -0.017642826086956526 92
1800 0.6 -0.1734233697342649 30219
1900 0.8 -0.2656405406100432 104974
1700 0.0 0.0015984487297833398 790810
1700 0.7 -0.1498645321399513 1229
1700 0.1 0.006612099359535141 114292
