1600 0.0 2.20027247956403e-05 3670
1700 0.4 -0.04081084905660376 106
1900 0.1 0.019784971103648297 494180
1800 0.9 -0.3813461792452829 212
1800 0.4 -0.09683532046523076 4041
1700 0.5 -0.009096569343065694 274
1900 0.4 -0.09929648392808543 29368
2000 0.6 -0.14234093473380738 64168
2000 0.3 0.016905850812462275 227271
2000 0.0 0.05297072660464808 286029
1700 0.8 -0.23434555555555553 18
1900 0.6 -0.21002029646786527 8635
2000 0.9 -0.3632994182446114 16794
2000 1.0 -0.5497592957534335 59766
1800 1.0 -0.3614496623222751 1688
2000 0.5 -0.07433800350677532 105510
1800 0.2 0.0007842086195016528 44991
2000 0.7 -0.18797189840385423 45986
1700 0.0 0.0004123621862538149 55419
1900 0.2 0.004748542509210287 222046
1900 0.9 -0.4203949000571113 1751
1600 0.5 0.0 3
1800 0.7 -0.15424537396121962 1444
2000 0.2 0.05955118955839047 444644
1500 0.0 2.9113475177304965e-05 282
1600 0.4 -0.0028199999999999996 3
1800 0.1 0.008828709936719687 116940
1700 0.9 -0.065125 2
1800 0.5 -0.06184484584307877 4703
1600 0.1 0.0002315135135135136 185
1800 0.3 -0.022535258781361728 13950
1900 0.3 -0.032662670899850824 72601
1500 0.2 0.0 1
1600 0.2 0.0003435714285714286 56
1800 0.8 -0.25663003921568606 765
2000 0.1 0.07653745615032241 632160
1900 0.7 -0.20359849426147408 8016
1800 0.0 0.006187578485707701 233482
1900 0.0 0.016817691150037225 427256
1700 1.0 -0.2404513888888889 36
2000 0.8 -0.27390823043899726 36105
1600 0.3 0.00041411764705882355 17
1900 1.0 -0.4090371401225158 10448
1900 0.5 -0.10201187324004765 23083
1700 0.3 -0.007826405693950178 843
2000 0.4 -0.032752637274058444 146386
1700 0.6 -0.07568823529411764 17
1900 0.8 -0.28806264850136204 5505
1500 0.1 -5.555555555555555e-06 9
1800 0.6 -0.19398385252692624 1207
1700 0.2 -0.0011715081521739123 2944
1700 0.7 -0.06386695652173913 23
1700 0.1 0.001147597217045597 8049
