1900 0.3 -0.03769278584290045 880125
1600 0.7 -0.04247666666666667 18
1700 0.9 -0.41940657303370765 356
1900 0.1 0.020270266330378733 6233123
1800 0.9 -0.362583062511259 5551
1800 0.0 0.007891538045593902 2944165
1700 0.0 0.0022805760464504497 704405
1900 0.4 -0.09459862017352046 416922
1600 0.2 -0.00017974683544303802 1422
2000 0.3 0.016571752337949983 3051084
2000 0.0 0.051040346923528705 3499330
1700 0.8 -0.2636359322033899 1121
2000 0.9 -0.32618099788107785 252485
1700 0.5 -0.06669056171983355 5768
2000 0.5 -0.06746983312597808 1490286
1800 0.2 0.005811306647421267 581955
1500 0.6 -0.00298 1
1800 1.0 -0.36546285554112856 33892
1900 0.6 -0.19691950750031126 136995
1800 0.4 -0.0829972852654936 84034
1600 0.5 -0.010522699999999998 100
2000 1.0 -0.521567091859649 749056
2000 0.2 0.06112593272527137 5878324
1900 0.9 -0.39675942167901646 28064
1500 0.3 -0.00014421052631578948 19
1600 0.9 -0.05264666666666667 3
1500 0.2 6.800000000000001e-05 105
1800 0.1 0.015419179163956031 1366363
1700 0.4 -0.07896834770610468 5798
1800 0.5 -0.08095218379172868 72136
1600 1.0 -0.1078628205128205 39
1600 0.1 0.0005298735687022899 4192
1800 0.3 -0.025072066409550568 202501
1900 0.2 0.003525055132338284 2555850
1600 0.6 -0.04173466666666667 15
1500 0.0 1.7614317019722425e-05 6845
2000 0.4 -0.027666236299301043 2100996
1800 0.8 -0.23026175946666874 18750
2000 0.1 0.07541204660917405 8098654
1500 0.4 -0.0012699999999999999 2
1900 0.7 -0.20575990360323834 109236
1800 0.7 -0.17542311823212525 24934
1900 1.0 -0.40939408045787434 150613
1900 0.5 -0.109847020504016 298527
1700 1.0 -0.37068862084257187 2255
1500 0.5 -0.00024 7
2000 0.8 -0.24979864902274404 549802
1600 0.8 -0.13488999999999998 17
1600 0.3 -0.003930485436893203 309
1900 0.0 0.018160561346391515 6246749
1600 0.0 0.00022281046355779522 64911
1500 0.1 0.00010092063492063492 315
2000 0.7 -0.17314309868466318 662252
1700 0.3 -0.01890105041774694 17355
2000 0.6 -0.12678266153601245 973746
1700 0.6 -0.1894985876993167 1756
1900 0.8 -0.26352996950688795 86249
1600 0.4 -0.010139099999999998 100
1800 0.6 -0.1761479185876047 27981
1700 0.2 0.005260234254104367 56221
1700 0.7 -0.16223590705487131 1786
1700 0.1 0.011142579898205374 133013
