1800 1.0 -0.3584578856255937 33504
1900 0.3 -0.04293208936587315 912406
1600 0.7 -0.1221561111111111 18
1700 0.4 -0.0800052312295971 3676
1900 0.1 0.018366727920460173 7019157
1800 0.9 -0.3508204438374877 5858
1700 0.2 0.0059068631938963565 38010
1800 0.5 -0.08286729650881869 62042
1700 0.5 -0.0629466925868325 3858
1900 0.4 -0.09768813992537899 443036
1600 0.2 -0.001799351784413691 1373
2000 0.5 -0.07650554545048897 1599201
2000 0.9 -0.346789211507331 290250
1700 0.9 -0.43866795744680886 235
2000 0.0 0.05273235698550207 5451285
1800 0.2 0.0018924605528227007 498388
1500 0.6 -0.00222 1
2000 0.7 -0.18676511608931085 702908
1700 1.0 -0.36286621391076124 1524
1900 0.6 -0.1964949051470838 148862
1800 0.4 -0.08181945058263732 72859
1600 0.0 0.00012438366874185642 69070
2000 1.0 -0.5437583128366041 891277
1900 1.0 -0.4130351803357913 178029
2000 0.2 0.05462365062999401 6684033
1500 0.3 -0.00010888888888888889 9
1600 0.9 -0.025669999999999995 11
1500 0.2 0.00016416666666666668 60
1800 0.1 0.012869917055499171 1263616
1700 0.0 0.0014742393721386183 703340
1800 0.0 0.007161593847093255 3533093
1600 1.0 -0.09237866666666668 30
1600 0.1 -0.0007840134099616858 4176
1900 0.9 -0.3854093464793624 34383
1600 0.6 -0.04506315789473683 19
1900 0.2 -0.0001291171557397987 2619001
1500 0.4 -0.0008966666666666667 3
2000 0.3 0.01075042078267079 3439139
1800 0.8 -0.2282374723111025 16252
2000 0.1 0.07227463121635752 10483164
1900 0.7 -0.21116412156189138 114197
1800 0.7 -0.17416211587014788 22180
1500 0.5 -0.0003466666666666666 3
1900 0.5 -0.11635134059227097 306014
1800 0.3 -0.02770235553900956 174580
1500 0.0 5.946646906261571e-06 5398
2000 0.8 -0.26193558777385023 579968
1600 0.8 -0.14015 11
1600 0.3 -0.0037656508875739646 338
1900 0.0 0.017724330438407567 8526654
1600 0.5 -0.018621818181818184 66
1500 0.1 0.00010251461988304092 171
1700 0.3 -0.01346631959097536 12322
2000 0.6 -0.13659344519185893 1048200
1700 0.6 -0.18450312499999985 1104
2000 0.4 -0.033764754898509476 2321080
1600 0.4 -0.02727297872340426 94
1800 0.6 -0.17446186475327116 24947
1900 0.8 -0.2649021120600458 91915
1700 0.8 -0.24672760989010994 728
1700 0.7 -0.16976744489795978 1225
1700 0.1 0.00914675718547762 95192
