1800 0.4 -0.0846611661385707 146432
1600 0.7 -0.009863030303030302 33
1700 0.9 -0.3927328993055553 576
1900 0.1 0.020799602589605885 10004569
1800 0.9 -0.3606166604256969 10148
1800 0.5 -0.0872919183652946 119263
1700 0.0 0.002072727444227181 1176783
1900 0.9 -0.39413508155913446 49412
1700 0.3 -0.019315791306301174 26709
1600 0.2 -0.000850265168539325 2225
2000 0.3 0.013821735192147147 5299863
2000 0.0 0.054549416103869715 6686447
1700 0.8 -0.2595239469578782 1923
1900 0.6 -0.19541451564897735 227779
2000 0.9 -0.33570635913203667 458344
2000 1.0 -0.533087675409184 1335977
1700 0.5 -0.07261440326419583 8823
2000 0.5 -0.07295188227430213 2552731
1800 0.2 0.005642398277837306 943698
1500 0.6 -0.003385 2
2000 0.7 -0.17930642437662256 1142528
1900 0.2 0.0017592508849042774 3996462
1500 0.7 -0.00143 1
1900 0.4 -0.09699320763323284 683267
1600 0.0 0.00011585189340813434 106950
1600 0.5 -0.011550197368421054 152
2000 0.2 0.05869722960486953 10095585
1500 0.3 -8.142857142857142e-05 35
1600 0.9 -0.14463166666666666 6
1500 0.2 8.777777777777778e-05 144
1800 0.1 0.01680202460256392 2221394
1700 0.4 -0.08311711951297636 9363
1800 0.0 0.008223193634373396 4983454
1600 1.0 -0.10096121951219514 41
1600 0.1 -0.00014806358381502885 6920
1800 0.3 -0.02684152589912273 335494
1900 0.3 -0.04113095135645038 1406150
1600 0.6 -0.040539 50
1500 0.0 1.5088786911412615e-05 10024
2000 0.4 -0.030761626116836346 3656705
1800 0.8 -0.23858084256168807 32057
2000 0.1 0.07634168918302027 14599030
1500 1.0 -0.0028633333333333336 3
1500 0.4 -0.005028750000000001 8
1900 0.7 -0.20937551162768836 176906
1800 0.7 -0.17923587946427638 42560
1900 1.0 -0.4083938657761283 255871
1900 0.5 -0.1153708657789106 475052
1700 1.0 -0.3783105911912495 3383
1500 0.5 -0.00106 8
2000 0.8 -0.25628465763127295 945077
1600 0.8 -0.03336821428571429 28
1600 0.3 -0.002818908145580588 577
1900 0.0 0.019121909985595188 10616258
1500 0.1 0.00012477516059957177 467
1800 1.0 -0.3637118934115219 57980
2000 0.6 -0.13109099416132508 1697391
1700 0.6 -0.19188460670193977 2835
1900 0.8 -0.26311705395841284 140497
1600 0.4 -0.0061612878787878815 132
1800 0.6 -0.17477002800614772 49989
1700 0.2 0.006805134053853644 86234
1700 0.7 -0.17309993153153133 2775
1700 0.1 0.011154327677880925 206880
