1900 0.3 -0.037111853801060274 592070
1600 0.7 -0.03143928571428572 14
1700 0.9 -0.3171842763157894 152
1900 0.1 0.019435864061311946 4245532
1800 0.9 -0.3507930226274916 2961
1800 0.5 -0.07667201776649855 41764
1700 0.5 -0.05681785594639855 2985
1900 0.9 -0.3956521819752343 17365
1600 0.1 0.00017321415673528392 2769
2000 0.3 0.017192246701550742 2186610
2000 0.0 0.05140778602991458 2592194
1700 0.8 -0.24894372791519415 566
2000 0.4 -0.02781697707614409 1484394
1700 0.0 0.001476418739400104 416278
2000 0.5 -0.06789176349965455 1050916
1800 0.2 0.00386014989739434 355243
1800 1.0 -0.3537989708695399 18297
1900 0.6 -0.1989519315411967 86563
1900 0.4 -0.09651931957698995 267319
1600 0.5 0.011183333333333332 66
2000 1.0 -0.5224565729193758 558061
2000 0.2 0.060630218836858533 4221641
1500 0.0 1.112159329140461e-05 3816
1600 0.9 -0.006234999999999999 2
1500 0.2 0.00021036363636363638 55
1800 0.1 0.01275069243709633 867299
1700 0.4 -0.07486811226313894 2797
1800 0.0 0.00714027145563598 1880823
1600 1.0 -0.18547571428571433 28
1800 0.4 -0.08304658796778551 47057
1800 0.3 -0.02394136331045095 121337
1900 0.2 0.002544629239967889 1735125
1600 0.6 -0.026981875 16
1500 0.3 0.0003381818181818182 11
1600 0.2 -0.0011767738478027868 933
1800 0.8 -0.227604516419702 9988
2000 0.1 0.07493544725713672 5986622
1500 1.0 -0.00124 1
1500 0.4 -0.00085 1
1900 0.7 -0.2019626527237475 70143
1800 0.7 -0.17068111779017728 13974
1900 1.0 -0.40550209874985893 95109
1900 0.0 0.01758481714939539 4194107
1700 1.0 -0.33368226019845676 907
1500 0.5 -0.00016375 8
2000 0.8 -0.2504687387684866 389976
1600 0.8 -0.09261642857142856 14
1600 0.3 -0.002731244239631336 217
1900 0.5 -0.10922965591933352 192978
1600 0.0 0.00015861403602544257 37418
1500 0.1 8.644578313253014e-05 166
2000 0.7 -0.17382233029344693 470606
1700 0.3 -0.01050041589458499 9714
2000 0.6 -0.12758506568090472 683304
1700 0.6 -0.17822290404040375 792
2000 0.9 -0.3271456988700926 182931
1600 0.4 -0.0007680555555555585 36
1800 0.6 -0.16837656380753024 15296
1900 0.8 -0.26115873780273596 53803
1700 0.2 0.005624206484641598 30472
1700 0.7 -0.15792247652582167 852
1700 0.1 0.007939384909315124 75371
