1800 1.0 -0.38281271935351296 36505
1800 0.4 -0.07665862638007913 93745
1900 0.3 -0.037024949503713454 782335
1600 0.7 -0.04248864864864866 37
1700 0.9 -0.4189860324825989 431
1900 0.1 0.018903387155086056 5575874
1800 0.9 -0.38627450171309186 6713
1800 0.5 -0.07606484085972545 87470
1700 0.5 -0.06505995527032282 10284
1700 0.3 -0.015708155534382408 30437
1600 0.2 -0.0001730360205831894 2332
2000 0.3 0.015933437098935483 2709538
2000 0.5 -0.06703746582603962 1295870
1700 0.8 -0.27047978869217626 1751
1900 0.6 -0.19209437337001187 113496
2000 0.4 -0.028900876878136486 1823503
1700 0.0 0.0028229416303099477 799713
2000 0.0 0.05088960349559457 3192802
1800 0.2 0.010494866904011083 619628
1500 0.6 -0.0018266666666666668 3
2000 0.7 -0.1728873786718039 572702
1900 0.9 -0.3890613656140937 23213
1500 0.7 -0.002575 4
1900 0.4 -0.09576684783506619 350613
1600 0.5 -0.01638551020408163 196
2000 1.0 -0.5210165317881414 662102
2000 0.2 0.0590582385251081 5246035
1500 0.3 -0.0005272413793103449 29
1600 0.9 -0.07693888888888889 9
1500 0.2 -1.1133333333333315e-05 150
1800 0.1 0.017456559425514204 1344229
1700 0.4 -0.09514940523955621 8474
1800 0.0 0.00770376093463547 2883956
1600 1.0 -0.12265611111111109 54
1600 0.1 0.0013518134221799129 6303
1800 0.3 -0.016923959196151823 232282
1900 0.2 0.0017555354870871021 2254947
1600 0.6 -0.05295333333333333 24
1500 0.8 -0.0024075 4
2000 0.9 -0.32891409147018164 217120
1800 0.8 -0.25079330951019707 20988
1500 0.4 -0.0016925 4
2000 0.1 0.0733819614786152 7345968
1500 0.9 -0.00133 1
1900 0.7 -0.19757209991508468 94180
1800 0.7 -0.18171110789948006 30445
1500 0.5 -0.0009009090909090908 11
1900 0.0 0.017591115257624843 5680275
1700 1.0 -0.35745589010988926 3185
1500 0.0 4.967876165113182e-05 6008
2000 0.8 -0.25095517354196045 469166
1600 0.8 -0.08728833333333334 24
1600 0.3 -0.006827496087636935 639
1900 0.5 -0.10403755108767114 264007
1600 0.0 0.0002626795999999996 75000
1500 0.1 0.00023966942148760328 363
1900 1.0 -0.3947540875895518 128988
2000 0.6 -0.1277280236842422 828147
1700 0.6 -0.20892951219512157 2542
1900 0.8 -0.2590532952806233 71217
1600 0.4 -0.02641943661971831 142
1800 0.6 -0.17916688219383553 31798
1700 0.2 0.00706086423502182 88911
1700 0.7 -0.16827064484451668 3055
1700 0.1 0.013183970075053985 186266
