1800 0.9 -0.2999682701421801 422
1600 0.2 -0.0053265921787709475 179
1700 0.9 -0.3798358333333334 12
1900 0.1 0.01602003747917215 674508
1800 0.4 -0.07835523295733143 6117
1800 0.0 0.006095747100178501 310795
1700 0.0 0.0008363273321341978 60599
1900 0.4 -0.09342192564179949 39888
1600 0.1 0.004250665434380775 541
2000 0.0 0.05280363968992807 728084
1700 0.8 -0.17545692307692312 26
1900 0.6 -0.1862351945640868 13466
2000 0.9 -0.356167272907689 35272
1700 0.5 -0.014148403990024943 401
2000 0.5 -0.07792088735683272 188853
1800 0.2 0.0027081159281711607 52291
1800 1.0 -0.32811859546703287 2912
1900 0.2 0.0011362896995709222 260960
1900 0.9 -0.3710041658599549 3099
1600 0.0 0.00040530392446149247 6778
2000 1.0 -0.553843379637972 116835
2000 0.2 0.056184302246826426 791512
1500 0.3 0.00038333333333333334 3
1600 0.9 -0.04883 2
1500 0.2 0.00097 4
1800 0.1 0.00849014994376133 128915
1700 0.4 -0.059631377551020416 196
1600 0.7 -0.04123 8
1600 1.0 -0.09070800000000001 10
1800 0.5 -0.05847958218969205 6558
1800 0.3 -0.01817558158584526 18312
1900 0.3 -0.03530112119570744 90457
1600 0.6 -0.018998333333333336 6
1500 0.0 5.58980044345898e-05 451
2000 0.3 0.012674746267039749 406983
1800 0.8 -0.2263846359223303 1236
2000 0.1 0.07425868192218656 1273286
1900 0.7 -0.20171967213114417 11224
1800 0.7 -0.15550902211302234 2035
1900 1.0 -0.396797225450491 17037
1900 0.5 -0.10068893748583736 30889
1700 1.0 -0.2135316049382716 81
2000 0.8 -0.26934028903326945 68954
1600 0.8 -0.01566 3
1600 0.3 -0.029258297872340425 47
1900 0.0 0.01529436983576797 891347
1600 0.5 -0.005321666666666666 18
1500 0.1 0.0002175 8
2000 0.7 -0.19205951973731927 84662
1700 0.3 -0.00448447695035461 1128
2000 0.6 -0.14025771013055194 121020
1700 0.6 -0.1348173584905661 53
2000 0.4 -0.03480355574557403 268990
1600 0.4 -0.008964615384615385 13
1800 0.6 -0.15603061421319797 1970
1900 0.8 -0.2575252057055269 8483
1700 0.2 -0.0003524226281075595 3942
1700 0.7 -0.07305541666666666 72
1700 0.1 0.0029021070863024636 10104
