1900 0.3 -0.03644896844673688 514622
1600 0.7 -0.01026923076923077 13
1700 0.9 -0.2732137931034484 87
1900 0.1 0.019045076712179962 3579157
1800 0.9 -0.3440149962490633 2666
1700 0.2 0.004622479014247179 25970
1800 0.0 0.007159934415007343 1656324
1700 0.5 -0.04910489755713163 2538
1900 0.4 -0.09644177081009343 228483
1700 0.3 -0.011245177915664097 7897
1600 0.2 -0.00028274038461538465 832
2000 0.3 0.015613191897792731 2282335
2000 0.0 0.05491977391708802 3152074
1700 0.8 -0.23112685421994877 391
2000 0.4 -0.030485948911742475 1561025
2000 1.0 -0.5449444408854943 616600
2000 0.5 -0.07320395125222205 1107907
1800 0.2 0.004256889869249094 325504
1500 0.6 -0.001145 2
1800 1.0 -0.33996030519992565 16481
1900 0.6 -0.1953692238174762 74248
1500 0.7 -0.00135 1
1800 0.4 -0.08406638593133364 41795
1600 0.5 -0.017267580645161294 62
1600 0.0 0.00016977776424744308 32848
2000 0.2 0.0605888266612758 4297778
1900 0.9 -0.3837657726819505 16048
1500 0.3 -0.000498 25
1600 0.9 -0.013323333333333333 3
1500 0.2 -0.00028594936708860764 79
1800 0.1 0.012860124789923091 755670
1700 0.4 -0.06929633546483024 2033
1800 0.5 -0.07279418952369167 39995
1600 1.0 -0.0625240909090909 22
1600 0.1 -7.788419677840665e-05 2297
1800 0.3 -0.021321245158440447 115407
1900 0.2 0.0022567053335652166 1467405
1600 0.6 -0.09363923076923077 13
1500 0.8 -0.00406 1
2000 0.9 -0.3491374064853048 200423
1800 0.8 -0.23003995720399256 9113
2000 0.1 0.07844697660522686 6317981
1500 1.0 -0.00168 1
1500 0.4 -0.0020880000000000004 5
1900 0.7 -0.2009348339483599 63685
1800 0.7 -0.16636351681506636 13589
1500 0.5 0.00045666666666666664 3
1900 0.5 -0.10518254822613766 174957
1700 1.0 -0.30558839891451856 737
1500 0.0 1.7526852106857623e-05 3631
2000 0.8 -0.26277275565649516 404488
1600 0.8 -0.08441399999999999 10
1600 0.3 -0.0017232579185520365 221
1900 0.0 0.01679065083573922 4100497
1500 0.1 9.417004048582998e-05 247
2000 0.7 -0.18551554312273133 498138
1900 1.0 -0.39893849267941117 88654
2000 0.6 -0.13473384704204844 728383
1700 0.6 -0.17198226102941178 544
1900 0.8 -0.26209152517016165 47457
1600 0.4 -0.019783260869565215 46
1800 0.6 -0.1733810381058078 13515
1700 0.0 0.0013977185759329258 368213
1700 0.7 -0.1406543503649638 685
1700 0.1 0.005228696304722138 63297
