1900 0.3 -0.041916799272315564 1639396
1600 0.7 -0.04577583333333334 24
1700 0.4 -0.08249599210733971 6335
1900 0.1 0.019165208313159775 12309594
1800 0.9 -0.3470457220034791 10921
1700 0.2 0.002294553780499621 72173
1800 0.5 -0.08479990202082148 120842
1700 0.5 -0.06099407322980488 7019
1900 0.4 -0.09616910234340355 792742
1700 0.3 -0.01676415798691123 21698
1600 0.2 -0.001336033274956219 2284
2000 0.3 0.013081732167632148 6526990
2000 0.0 0.05369482641982126 8871323
1900 0.6 -0.1939163404715635 264586
2000 0.4 -0.031208186702273603 4479750
1700 0.9 -0.3284989487179486 390
2000 0.5 -0.07338076308641465 3119319
1800 0.2 0.003238000949189033 981891
1500 0.6 -0.00246 1
1800 1.0 -0.3536086384463291 62201
1700 1.0 -0.3299285351787773 2601
1900 0.7 -0.20858419938277373 203468
1800 0.4 -0.08297198666696105 146703
1600 0.5 -0.01712390728476821 151
2000 1.0 -0.5359813664176293 1675886
2000 0.2 0.05794509254058753 12547216
1500 0.3 -0.00010454545454545456 22
1600 0.4 -0.022584265734265738 143
1500 0.2 0.0001569642857142857 56
1800 0.1 0.014735967793805734 2412766
1700 0.0 0.0015260727309775923 1423190
1800 0.0 0.00729798413630703 6144220
1600 1.0 -0.06521448979591837 49
1600 0.1 0.00029836570220636807 7569
1900 0.9 -0.38768193125966866 58190
1600 0.6 -0.015314999999999999 46
1600 0.9 -0.07039416666666667 12
1900 0.2 0.00048683157561852785 4727255
1500 0.4 -0.0014650000000000002 2
2000 0.9 -0.33639766222430567 561106
1800 0.8 -0.22948269355989193 32251
2000 0.1 0.0749313405157579 18577729
1800 0.7 -0.1749223827289471 42082
1500 0.5 0.0 1
1900 0.0 0.017570355385594226 14039426
1800 0.3 -0.027797879366724513 343421
1500 0.0 6.814451466842754e-06 10601
2000 0.8 -0.25592464471682796 1151039
1600 0.8 -0.02162260869565217 23
1600 0.3 -0.002956530973451327 565
1900 0.5 -0.11473991892508499 548135
1600 0.0 0.00011064202080582768 137846
2000 0.7 -0.18128910428943332 1388350
1900 1.0 -0.4037738207935757 301228
2000 0.6 -0.13225631845469835 2058524
1700 0.6 -0.1780192490745636 1891
1900 0.8 -0.26178587234297274 163720
1500 0.1 0.00011652173913043476 230
1800 0.6 -0.17161307740398835 49584
1700 0.8 -0.2291065152701645 1277
1700 0.7 -0.1672971356275303 1976
1700 0.1 0.006671173991539776 190538
