1900 0.3 -0.04338641195300392 578833
1600 0.7 -0.025844545454545464 11
1700 0.4 -0.07230775751072963 1864
1900 0.1 0.0188430130550288 4415077
1800 0.9 -0.34529239967897274 3738
1800 0.5 -0.08699912066349381 38222
1700 0.5 -0.04899220797068254 2183
1900 0.4 -0.09764029200702293 284137
1700 0.3 -0.014522952478732662 6818
1600 0.2 0.0012123697270471476 806
2000 0.5 -0.07739158987793955 1088593
1700 0.8 -0.219575142118863 387
1600 1.0 -0.134606875 16
2000 1.0 -0.5458995985548695 604516
1700 0.9 -0.3959076851851851 108
2000 0.0 0.053881249017125654 3526741
1800 0.2 0.0013256789650733312 316003
2000 0.4 -0.03363189046738537 1576499
2000 0.7 -0.1878495681350107 478969
1900 0.6 -0.19592778033353747 95645
1800 0.4 -0.08493504385310009 46861
1600 0.0 0.00015768373990116889 38247
1600 0.5 -0.02741884615384615 52
2000 0.2 0.056155778775951286 4442055
1900 0.9 -0.3860091075844062 22243
1500 0.0 1.1453419811320754e-05 3392
1600 0.9 -0.06392666666666667 3
1500 0.2 9.972222222222222e-05 36
1800 0.1 0.013331353987315518 808464
1700 0.2 0.003965532028707683 22433
1800 0.0 0.007481577144975204 2166123
1500 0.3 -0.00017 11
1600 0.1 0.0006049335937500002 2560
1800 0.3 -0.030437265799598268 109180
1900 0.2 -0.0005543016270936695 1659400
1600 0.6 -0.018136521739130437 23
1500 0.7 -0.00173 1
2000 0.3 0.011029277138768993 2315645
1800 0.8 -0.22914642153581202 10457
2000 0.1 0.07445222151754734 6872635
1500 1.0 -0.00226 1
1500 0.4 -0.000505 2
1900 0.7 -0.21434354879857534 72912
1800 0.7 -0.17436432838038163 13460
1900 1.0 -0.41084794094747173 114305
1900 0.5 -0.11809610609011752 194627
1700 1.0 -0.31075641355140193 856
2000 0.8 -0.2644159395212485 395015
1600 0.8 -0.020489090909090908 11
1600 0.3 -0.003995381165919282 223
1900 0.0 0.01808548528245689 5368389
1500 0.1 0.00013921212121212123 165
1800 1.0 -0.359347172345538 21219
2000 0.6 -0.13689751591340332 717793
1700 0.6 -0.154104089147287 516
2000 0.9 -0.350541404727191 197412
1600 0.4 -0.009387000000000001 60
1800 0.6 -0.17533084617824274 15765
1900 0.8 -0.2627759324419502 58261
1700 0.0 0.0013131367945455514 416983
1700 0.7 -0.14405468934911256 676
1700 0.1 0.005738669713735844 58198
