1600 0.2 -0.000336829268292683 41
1700 0.9 -0.22945000000000002 5
1900 0.1 0.019104369264330408 571206
1800 0.9 -0.34556423553718996 484
1700 0.2 -0.0003779867819013736 1967
1800 0.5 -0.09320765538461538 3250
1700 0.5 -0.05087052631578948 152
1900 0.9 -0.36860132954545455 3520
1700 0.3 -0.011439680851063833 564
2000 0.6 -0.1500276987918945 146510
2000 0.5 -0.08811503650952608 216108
1700 0.8 -0.12597784313725488 51
1900 0.6 -0.1955510249370838 13113
2000 0.4 -0.03816666848823597 314749
2000 0.0 0.05730923271896563 787091
1800 0.2 0.0001705034525592797 27371
2000 0.7 -0.20848127661777674 96599
1900 0.2 -0.0005562600146890683 208319
1800 0.4 -0.08161278135738784 4656
1600 0.0 4.5701254275940664e-05 1754
2000 1.0 -0.5682048598389414 133846
2000 0.2 0.05894477281236995 851785
1900 0.4 -0.09497786590547234 37660
1500 0.3 -0.00038666666666666667 3
1500 0.2 -8e-05 5
1800 0.1 0.014040442934818025 76693
1700 0.4 -0.05811631578947369 133
1800 0.0 0.007848435993398368 215095
1600 0.1 0.0006493918918918922 148
1800 0.3 -0.030715668509418398 9768
1900 0.3 -0.04430115829956909 72805
1500 0.0 2.177700348432056e-05 287
2000 0.3 0.010212244478557515 452056
1800 0.8 -0.23537792184724662 1126
2000 0.1 0.08095834504477754 1387814
1900 0.7 -0.21660554157716794 9777
1800 0.7 -0.1886375583090378 1372
1900 0.5 -0.12568741923536156 24299
1700 1.0 -0.34791599999999995 55
2000 0.8 -0.28499696518107587 78779
1600 0.3 -0.0005133333333333333 15
1900 1.0 -0.413131967174258 16877
1900 0.0 0.017203849328956584 826622
1600 0.5 0.0 2
1800 1.0 -0.3509012197802196 2730
2000 0.9 -0.37851904445446694 42133
1700 0.6 -0.10259600000000003 45
1900 0.8 -0.2694370693808703 8302
1500 0.1 8.565217391304346e-05 23
1800 0.6 -0.15692249854735604 1721
1700 0.0 0.0015862040370654572 33886
1700 0.7 -0.13072709090909093 55
1700 0.1 0.0026506632344033935 6604
