1900 0.3 -0.04232420295834781 426521
1600 0.7 -0.05833900000000001 20
1700 0.9 -0.2578603636363636 110
1900 0.1 0.019603711159036297 3140822
1800 0.9 -0.35504966325036696 2732
1700 0.2 0.0024630257539664598 22249
1800 0.5 -0.08703744092373869 33516
1700 0.0 0.001594479635871501 359873
1900 0.9 -0.38918255382279826 14492
1600 0.1 0.0007930612935997288 2953
2000 0.3 0.011149314948352333 1654430
2000 0.0 0.05597162784635248 2097913
1700 0.8 -0.20702038805970172 335
2000 0.9 -0.358278747554274 132884
2000 1.0 -0.5443009189370072 413728
2000 0.5 -0.0788595516778952 776183
1800 0.2 0.0017133467528744912 289379
1800 1.0 -0.35024957351644476 15874
1900 0.6 -0.19780719386152487 66857
1500 0.3 -7.944444444444443e-05 18
1500 0.7 -0.00115 2
1900 0.4 -0.0975954074092539 202450
1600 0.5 -0.010642881355932207 59
2000 0.6 -0.14195639739680904 503683
2000 0.2 0.057922964504181586 3182313
1500 0.8 -0.00397 1
1600 0.9 -0.19255 5
1500 0.2 -1.517241379310345e-05 58
1800 0.1 0.013905390236587722 716655
1700 0.4 -0.07848675332177957 1731
1800 0.0 0.008177669633908077 1542174
1600 1.0 -0.07397593749999999 32
1800 0.4 -0.08630509873112045 41375
1800 0.3 -0.02955342289016525 99676
1900 0.2 0.00014362779455900468 1244114
1600 0.6 0.00552368421052631 19
1500 0.0 1.0010402219140084e-05 2884
1600 0.2 -0.000530274285714286 875
1800 0.8 -0.23447688214244358 8663
2000 0.1 0.0773607993453262 4624922
1500 1.0 -0.00692 1
1500 0.4 -0.001908333333333333 6
1900 0.7 -0.20605754279245483 52112
1800 0.7 -0.1756719085588221 11789
1900 1.0 -0.3987091545602667 75511
1900 0.0 0.0189934931291485 3291951
1700 1.0 -0.3286376790830949 698
2000 0.8 -0.2705730632888694 277584
1600 0.8 -0.014960000000000001 7
1600 0.3 -0.006180048780487802 205
1900 0.5 -0.11478025472351414 141526
1600 0.0 0.0007023181482912456 28471
1500 0.1 4.3544973544973555e-05 189
1700 0.3 -0.01647686436781603 6525
2000 0.7 -0.19295615037686112 337898
1700 0.6 -0.17313722656249994 512
2000 0.4 -0.03597964234957648 1118830
1600 0.4 -0.006154590163934425 61
1800 0.6 -0.17505531238447272 13525
1900 0.8 -0.2612892260280705 41048
1700 0.5 -0.05533232518476406 1759
1700 0.7 -0.12398880829015566 579
1700 0.1 0.0051091209271812345 59449
