1900 0.3 -0.03668081152948085 487758
1600 0.7 -0.029624285714285718 7
1700 0.9 -0.36126877551020403 98
1900 0.1 0.017408215341414846 3543294
1800 0.9 -0.3317634492350494 2157
1700 0.2 0.003813215275751348 27416
1800 0.5 -0.05878209324650476 38543
1700 0.5 -0.037695678073510784 3156
1900 0.9 -0.3877760082505927 14302
1600 0.2 0.00031388221153846174 832
2000 0.0 0.04962189215119638 2266024
1700 0.8 -0.246308134110787 343
1900 0.6 -0.19481660815409924 69045
2000 0.9 -0.3128889767118474 149518
1800 1.0 -0.3435634895833332 15360
2000 0.5 -0.05967483720226353 825165
1800 0.2 0.0019022047769118398 301450
2000 0.7 -0.16403105225534323 373379
1900 0.2 0.0012414791818112082 1389410
1500 0.3 0.0 5
1800 0.4 -0.08382752103339937 35301
1600 0.0 8.659951230840683e-05 51672
2000 1.0 -0.5129408071694144 455431
2000 0.2 0.05997031103427145 3288288
1900 0.4 -0.0963363359156164 214411
1500 0.4 -0.0007 1
1600 0.9 -0.006177142857142858 7
1500 0.2 -0.000118 25
1800 0.1 0.010755080704391275 727098
1700 0.4 -0.08462922507122506 1755
1800 0.0 0.006449432123519775 1800550
1600 1.0 -0.07827809523809523 21
1600 0.1 5.97992700729927e-05 2740
1800 0.3 -0.021151689495538334 104765
1900 0.5 -0.10062229732358896 164474
1600 0.6 -0.0060875 8
1500 0.0 5.378254211332313e-06 3265
2000 0.3 0.01929316827737846 1706290
1800 0.8 -0.22913823794382457 7548
2000 0.1 0.07233821427581288 4811779
1900 0.7 -0.19956659128212334 57881
1800 0.7 -0.16174969986120266 11528
1900 1.0 -0.3985142589911763 79439
1700 1.0 -0.3149715512465375 722
1500 0.5 -0.00093 1
2000 0.8 -0.23994143323447434 309419
1600 0.8 -0.0037128571428571427 7
1600 0.3 -0.0006017050691244243 217
1900 0.0 0.016889449717128326 3817473
1600 0.5 -0.004609565217391304 69
1500 0.1 -3.6249999999999993e-05 72
1700 0.3 -0.008157940138841399 8787
2000 0.6 -0.11799019670799599 535718
1700 0.6 -0.20173623106060576 528
2000 0.4 -0.023229138176982158 1148310
1600 0.4 -0.00831134328358209 67
1800 0.6 -0.17260701465368242 10987
1900 0.8 -0.25838706527512384 43309
1700 0.0 0.0010680065790925801 452950
1700 0.7 -0.13447607305936102 657
1700 0.1 0.005754972597452718 64775
