1900 0.3 -0.02725563782698991 315838
1600 0.7 -0.006217500000000001 4
1700 0.9 -0.4428809523809524 126
1900 0.1 0.01799586648301916 1877544
1800 0.9 -0.40005820871436304 1859
1800 0.5 -0.06536472807680495 35727
1700 0.0 0.002182905966507408 239755
1900 0.4 -0.09815675031327274 117319
1600 0.1 5.163318777292583e-05 1145
2000 0.3 0.017297332663688915 974639
2000 0.5 -0.06964493948648019 457501
1700 0.8 -0.29425924428822475 569
1900 0.6 -0.20079118362033774 36118
1600 1.0 -0.032045 4
2000 1.0 -0.5369357308811724 252996
1700 0.5 -0.05194789236545671 3995
2000 0.0 0.05119568296049231 1399283
1800 0.2 0.009279999698253216 265123
1800 1.0 -0.3709745557913887 13192
1900 0.7 -0.1854147073015404 37718
1800 0.4 -0.08465039572363253 31335
1600 0.0 6.430862914005636e-05 13466
1600 0.5 -0.013943793103448275 29
2000 0.2 0.05901246006878596 1855444
1900 0.9 -0.40264259187887075 7265
1500 0.3 0.0 3
1600 0.4 -0.00874818181818182 22
1500 0.2 7.363636363636363e-05 11
1800 0.1 0.016412091561612573 518689
1700 0.4 -0.08069397460937448 3072
2000 0.6 -0.1383565055288041 271941
1800 0.0 0.007462827441327095 969647
1800 0.3 -0.014236794258374486 100529
1900 0.2 0.004233509958578963 854389
1600 0.6 -0.00238 2
1500 0.0 4.659377628259039e-06 1189
1600 0.2 0.0007973262032085564 561
1800 0.8 -0.26287948538011446 6840
2000 0.1 0.07330313428298874 2649748
1800 0.7 -0.17127701004581755 11348
1900 1.0 -0.3900007252215972 45917
1900 0.0 0.015951846826748963 2059733
1700 1.0 -0.3790755815899582 1195
2000 0.8 -0.26636567463601846 158063
1600 0.8 -0.06532 2
1600 0.3 -0.0006915527950310559 161
1900 0.5 -0.0866167542603679 106857
2000 0.7 -0.18166519750798074 205612
1700 0.3 -0.005917928025265908 12032
2000 0.4 -0.03332790606312062 610133
1700 0.6 -0.19481365745856333 905
2000 0.9 -0.35239110355378567 71895
1500 0.1 3.085106382978723e-05 47
1800 0.6 -0.18722628937692742 10063
1900 0.8 -0.2658881227344461 23449
1700 0.2 0.011896061574646552 33163
1700 0.7 -0.16177718041704492 1103
1700 0.1 0.011801827610927098 65561
