1800 1.0 -0.356367574016872 55359
1800 0.4 -0.08368787936444694 136129
1600 0.7 -0.02516093749999999 32
1700 0.9 -0.34732139650872834 401
1900 0.1 0.01972300633309807 9718351
1800 0.9 -0.3463002041248003 9455
1800 0.0 0.007938925853159431 4863916
1700 0.0 0.0018286370792373564 1126199
1900 0.9 -0.3865464515778699 46043
1700 0.3 -0.017260992853393557 24767
1600 0.2 -0.0007223846527440499 2059
2000 0.3 0.014549296217079035 5164404
2000 0.0 0.05303831152324135 6520475
1700 0.8 -0.243795570776256 1533
1900 0.6 -0.19358389576412674 216317
2000 0.4 -0.03036625250183717 3554214
2000 1.0 -0.530510083449776 1319478
1700 0.5 -0.06059984408731109 8338
2000 0.5 -0.07125537542829213 2489450
1800 0.2 0.004472228822425873 925224
1500 0.6 -0.0010125 4
2000 0.7 -0.18011307076051833 1103033
1900 0.2 0.0021966985193075496 3911763
1900 0.4 -0.09492673201380873 651392
1600 0.0 0.00010766645021205825 98558
1800 0.7 -0.17410979296844653 39849
2000 0.2 0.05974587274818111 9962416
1500 0.3 1.5999999999999992e-05 30
1600 0.4 -0.0065703731343283575 134
1500 0.2 0.00012810810810810815 148
1800 0.1 0.015102171747442715 2210455
1700 0.4 -0.07675842615012078 7434
1800 0.5 -0.081572255863947 115366
1600 1.0 -0.0806763157894737 38
1600 0.1 -6.0914653278946015e-05 6374
1800 0.3 -0.025673509752401465 323869
1900 0.3 -0.03883155691076502 1364362
1600 0.6 -0.008730799999999999 25
1500 0.8 -0.0019 1
2000 0.9 -0.33798050628972226 433487
1800 0.8 -0.23435108292749074 29568
1500 0.4 -0.0027828571428571425 7
2000 0.1 0.07562874418522707 14333624
1500 0.9 -0.00231 1
1900 0.7 -0.20443798353451983 169202
1500 0.5 0.000405 4
1900 0.0 0.017961413461427475 10494478
1700 1.0 -0.3454165143224971 3107
1500 0.0 1.2755029825093522e-05 9891
2000 0.8 -0.256827798298733 918258
1600 0.8 -0.035093599999999996 25
1600 0.3 -0.005989029126213594 515
1900 0.5 -0.10972581286799252 464688
1600 0.5 -0.009199276315789472 152
1500 0.1 -8.385093167701866e-06 483
1900 1.0 -0.39893128607701195 242225
2000 0.6 -0.13222594012879074 1636271
1700 0.6 -0.17781884732492365 2299
1900 0.8 -0.2587204640876295 133617
1600 0.9 -0.07075250000000001 8
1800 0.6 -0.17630991745385421 45308
1700 0.2 0.004991750558049495 81534
1700 0.7 -0.15927945187165762 2244
1700 0.1 0.008937519853787912 199710
1800 1.0 -0.3584578856255937 33504
1900 0.3 -0.04293208936587315 912406
1600 0.7 -0.1221561111111111 18
1700 0.4 -0.0800052312295971 3676
1900 0.1 0.018366727920460173 7019157
1800 0.9 -0.3508204438374877 5858
1700 0.2 0.0059068631938963565 38010
1800 0.5 -0.08286729650881869 62042
1700 0.5 -0.0629466925868325 3858
1900 0.4 -0.09768813992537899 443036
1600 0.2 -0.001799351784413691 1373
2000 0.5 -0.07650554545048897 1599201
2000 0.9 -0.346789211507331 290250
1700 0.9 -0.43866795744680886 235
2000 0.0 0.05273235698550207 5451285
1800 0.2 0.0018924605528227007 498388
1500 0.6 -0.00222 1
2000 0.7 -0.18676511608931085 702908
1700 1.0 -0.36286621391076124 1524
1900 0.6 -0.1964949051470838 148862
1800 0.4 -0.08181945058263732 72859
1600 0.0 0.00012438366874185642 69070
2000 1.0 -0.5437583128366041 891277
1900 1.0 -0.4130351803357913 178029
2000 0.2 0.05462365062999401 6684033
1500 0.3 -0.00010888888888888889 9
1600 0.9 -0.025669999999999995 11
1500 0.2 0.00016416666666666668 60
1800 0.1 0.012869917055499171 1263616
1700 0.0 0.0014742393721386183 703340
1800 0.0 0.007161593847093255 3533093
1600 1.0 -0.09237866666666668 30
1600 0.1 -0.0007840134099616858 4176
1900 0.9 -0.3854093464793624 34383
1600 0.6 -0.04506315789473683 19
1900 0.2 -0.0001291171557397987 2619001
1500 0.4 -0.0008966666666666667 3
2000 0.3 0.01075042078267079 3439139
1800 0.8 -0.2282374723111025 16252
2000 0.1 0.07227463121635752 10483164
1900 0.7 -0.21116412156189138 114197
1800 0.7 -0.17416211587014788 22180
1500 0.5 -0.0003466666666666666 3
1900 0.5 -0.11635134059227097 306014
1800 0.3 -0.02770235553900956 174580
1500 0.0 5.946646906261571e-06 5398
2000 0.8 -0.26193558777385023 579968
1600 0.8 -0.14015 11
1600 0.3 -0.0037656508875739646 338
1900 0.0 0.017724330438407567 8526654
1600 0.5 -0.018621818181818184 66
1500 0.1 0.00010251461988304092 171
1700 0.3 -0.01346631959097536 12322
2000 0.6 -0.13659344519185893 1048200
1700 0.6 -0.18450312499999985 1104
2000 0.4 -0.033764754898509476 2321080
1600 0.4 -0.02727297872340426 94
1800 0.6 -0.17446186475327116 24947
1900 0.8 -0.2649021120600458 91915
1700 0.8 -0.24672760989010994 728
1700 0.7 -0.16976744489795978 1225
1700 0.1 0.00914675718547762 95192
1800 0.9 -0.35803215294890384 12174
1900 0.3 -0.041192896763337934 1649251
1600 0.7 -0.04966634146341463 41
1700 0.9 -0.35117248015873037 504
1900 0.1 0.02076150015690892 11671926
1800 0.4 -0.08508029846756338 168226
1700 0.2 0.0033263675247258355 89077
1800 0.0 0.00828809043965475 6076781
1700 0.5 -0.0677733971988794 8925
1700 0.3 -0.018713831125334816 26872
1600 0.2 -0.000966770186335404 2737
2000 0.3 0.01381612000429688 5516975
2000 0.0 0.05230178949381738 7095766
1700 0.8 -0.22298701543739333 1749
1900 0.6 -0.1982288092283808 264316
1600 1.0 -0.1272135211267606 71
2000 1.0 -0.5263076794999876 1368274
2000 0.5 -0.06973269267478814 2644352
1800 0.2 0.004267561184631029 1108530
1500 0.6 -0.00169 2
1800 1.0 -0.3596320431999763 70463
1900 0.4 -0.09784260267550113 794809
1900 0.9 -0.39186806327543855 56420
1600 0.0 0.00015068052783836973 129282
1800 0.7 -0.17996916230997698 49732
2000 0.2 0.0578978222716091 10667492
1500 0.3 0.0 21
1600 0.9 -0.22751684210526316 19
1500 0.2 6.324675324675328e-05 154
1800 0.1 0.016283868336593434 2635311
1700 0.4 -0.07873572102115892 8696
1800 0.5 -0.08588687658582922 139911
1600 0.1 0.0008181282081890877 8377
1800 0.3 -0.028473829343876222 393997
1900 0.2 0.0019075935863865296 4701191
1600 0.6 -0.031051851851851848 27
1500 0.4 -8.999999999999995e-05 7
2000 0.9 -0.327823899137461 463264
2000 0.6 -0.12793778322451127 1733238
1800 0.8 -0.2363471992431142 37522
2000 0.1 0.07346636503798033 15321364
1500 1.0 -0.002 2
1900 0.7 -0.21140127072879913 205331
1500 0.5 -0.0010166666666666666 9
1900 0.0 0.019052492402689084 12375464
1700 1.0 -0.3310551369863003 3358
1500 0.0 1.0735512630014851e-05 12114
2000 0.8 -0.2506600261378663 977517
1600 0.8 -0.07343612903225807 31
1600 0.3 -0.004771112852664575 638
1900 0.5 -0.1151068494683923 558401
1600 0.5 -0.006400299999999995 200
1500 0.1 9.125214408233278e-05 583
2000 0.7 -0.1753285730105267 1175881
1900 1.0 -0.4071133962080198 296993
2000 0.4 -0.029783097386575693 3762136
1700 0.6 -0.17697568846153802 2600
1900 0.8 -0.26382175593041385 164363
1600 0.4 -0.00830170854271357 199
1800 0.6 -0.17855334713486185 57240
1700 0.0 0.0019047180350835523 1401912
1700 0.7 -0.1486968131049885 2686
1700 0.1 0.007867821133128757 227141
1900 0.3 -0.042988084415359534 873869
1600 0.7 -0.03309111111111112 18
1700 0.9 -0.3777366334164589 401
1700 0.6 -0.19048636806231672 2054
1900 0.1 0.018933876525661978 6617877
1800 0.9 -0.35091089879482973 6887
1700 0.2 0.008218168928064672 60582
1800 0.5 -0.08711893993950923 76373
1700 0.0 0.0019113314488728606 902115
1900 0.4 -0.09575378031466963 424134
1600 0.2 -0.001945754475703322 1564
2000 0.3 0.014722839103330358 3535789
2000 0.5 -0.071078252679034 1709560
1700 0.8 -0.2610555285714287 1400
1600 1.0 -0.048432972972972985 37
2000 1.0 -0.5313594770326145 900209
1800 1.0 -0.3595292581562922 37609
1900 0.9 -0.3815935547457309 30185
1800 0.2 0.0057672275567447065 601116
1500 0.6 -0.0021 1
2000 0.7 -0.1790480471914167 762599
1900 0.6 -0.19086105184541255 141922
1500 0.7 -0.0015999999999999999 3
1800 0.4 -0.08114855685177799 95063
1600 0.0 0.00015177473994182404 83539
1600 0.5 -0.0066778217821782185 101
2000 0.2 0.059758501271085035 6770316
1500 0.3 0.000155 18
1600 0.9 -0.2802225 4
1500 0.2 -0.00034885714285714283 105
1800 0.1 0.016379315823974727 1436984
1700 0.4 -0.08625318258212307 6545
1800 0.0 0.007415898254648205 3471215
1600 0.1 0.00016330439928980076 5069
1800 0.3 -0.026765533374130818 212440
1900 0.2 0.00040117091477888015 2536931
1600 0.6 -0.027608571428571434 28
1500 0.0 8.019297036526517e-06 7255
2000 0.4 -0.029257003349274866 2440478
1500 0.8 -0.00258 1
2000 0.6 -0.12941258806539163 1135578
1800 0.8 -0.23171954566832909 21262
2000 0.1 0.076050532335911 9759891
1500 0.4 -0.00068 4
1900 0.7 -0.20743869950465743 106990
1800 0.7 -0.17734873196326373 27444
1900 1.0 -0.39437033213262934 157407
1900 0.5 -0.11453474211774312 290811
1700 1.0 -0.3838370919400563 2469
1500 0.5 -0.0009875 4
2000 0.8 -0.2538411680700242 635176
1600 0.8 -0.04422999999999999 26
1600 0.3 -0.008340699999999996 400
1900 0.0 0.017578792919091302 7315218
1500 0.1 0.00013450704225352115 355
1700 0.3 -0.01808670396690689 18856
2000 0.9 -0.3328294221981201 305918
2000 0.0 0.05326196830339248 4492539
1900 0.8 -0.2537139511472921 87815
1600 0.4 -0.026740185185185176 108
1800 0.6 -0.1723082641084776 32888
1700 0.5 -0.07429860146394636 6421
1700 0.7 -0.16693638209506234 2167
1700 0.1 0.011494801297983841 144840
1900 0.3 -0.03769278584290045 880125
1600 0.7 -0.04247666666666667 18
1700 0.9 -0.41940657303370765 356
1900 0.1 0.020270266330378733 6233123
1800 0.9 -0.362583062511259 5551
1800 0.0 0.007891538045593902 2944165
1700 0.0 0.0022805760464504497 704405
1900 0.4 -0.09459862017352046 416922
1600 0.2 -0.00017974683544303802 1422
2000 0.3 0.016571752337949983 3051084
2000 0.0 0.051040346923528705 3499330
1700 0.8 -0.2636359322033899 1121
2000 0.9 -0.32618099788107785 252485
1700 0.5 -0.06669056171983355 5768
2000 0.5 -0.06746983312597808 1490286
1800 0.2 0.005811306647421267 581955
1500 0.6 -0.00298 1
1800 1.0 -0.36546285554112856 33892
1900 0.6 -0.19691950750031126 136995
1800 0.4 -0.0829972852654936 84034
1600 0.5 -0.010522699999999998 100
2000 1.0 -0.521567091859649 749056
2000 0.2 0.06112593272527137 5878324
1900 0.9 -0.39675942167901646 28064
1500 0.3 -0.00014421052631578948 19
1600 0.9 -0.05264666666666667 3
1500 0.2 6.800000000000001e-05 105
1800 0.1 0.015419179163956031 1366363
1700 0.4 -0.07896834770610468 5798
1800 0.5 -0.08095218379172868 72136
1600 1.0 -0.1078628205128205 39
1600 0.1 0.0005298735687022899 4192
1800 0.3 -0.025072066409550568 202501
1900 0.2 0.003525055132338284 2555850
1600 0.6 -0.04173466666666667 15
1500 0.0 1.7614317019722425e-05 6845
2000 0.4 -0.027666236299301043 2100996
1800 0.8 -0.23026175946666874 18750
2000 0.1 0.07541204660917405 8098654
1500 0.4 -0.0012699999999999999 2
1900 0.7 -0.20575990360323834 109236
1800 0.7 -0.17542311823212525 24934
1900 1.0 -0.40939408045787434 150613
1900 0.5 -0.109847020504016 298527
1700 1.0 -0.37068862084257187 2255
1500 0.5 -0.00024 7
2000 0.8 -0.24979864902274404 549802
1600 0.8 -0.13488999999999998 17
1600 0.3 -0.003930485436893203 309
1900 0.0 0.018160561346391515 6246749
1600 0.0 0.00022281046355779522 64911
1500 0.1 0.00010092063492063492 315
2000 0.7 -0.17314309868466318 662252
1700 0.3 -0.01890105041774694 17355
2000 0.6 -0.12678266153601245 973746
1700 0.6 -0.1894985876993167 1756
1900 0.8 -0.26352996950688795 86249
1600 0.4 -0.010139099999999998 100
1800 0.6 -0.1761479185876047 27981
1700 0.2 0.005260234254104367 56221
1700 0.7 -0.16223590705487131 1786
1700 0.1 0.011142579898205374 133013
1800 1.0 -0.38281271935351296 36505
1800 0.4 -0.07665862638007913 93745
1900 0.3 -0.037024949503713454 782335
1600 0.7 -0.04248864864864866 37
1700 0.9 -0.4189860324825989 431
1900 0.1 0.018903387155086056 5575874
1800 0.9 -0.38627450171309186 6713
1800 0.5 -0.07606484085972545 87470
1700 0.5 -0.06505995527032282 10284
1700 0.3 -0.015708155534382408 30437
1600 0.2 -0.0001730360205831894 2332
2000 0.3 0.015933437098935483 2709538
2000 0.5 -0.06703746582603962 1295870
1700 0.8 -0.27047978869217626 1751
1900 0.6 -0.19209437337001187 113496
2000 0.4 -0.028900876878136486 1823503
1700 0.0 0.0028229416303099477 799713
2000 0.0 0.05088960349559457 3192802
1800 0.2 0.010494866904011083 619628
1500 0.6 -0.0018266666666666668 3
2000 0.7 -0.1728873786718039 572702
1900 0.9 -0.3890613656140937 23213
1500 0.7 -0.002575 4
1900 0.4 -0.09576684783506619 350613
1600 0.5 -0.01638551020408163 196
2000 1.0 -0.5210165317881414 662102
2000 0.2 0.0590582385251081 5246035
1500 0.3 -0.0005272413793103449 29
1600 0.9 -0.07693888888888889 9
1500 0.2 -1.1133333333333315e-05 150
1800 0.1 0.017456559425514204 1344229
1700 0.4 -0.09514940523955621 8474
1800 0.0 0.00770376093463547 2883956
1600 1.0 -0.12265611111111109 54
1600 0.1 0.0013518134221799129 6303
1800 0.3 -0.016923959196151823 232282
1900 0.2 0.0017555354870871021 2254947
1600 0.6 -0.05295333333333333 24
1500 0.8 -0.0024075 4
2000 0.9 -0.32891409147018164 217120
1800 0.8 -0.25079330951019707 20988
1500 0.4 -0.0016925 4
2000 0.1 0.0733819614786152 7345968
1500 0.9 -0.00133 1
1900 0.7 -0.19757209991508468 94180
1800 0.7 -0.18171110789948006 30445
1500 0.5 -0.0009009090909090908 11
1900 0.0 0.017591115257624843 5680275
1700 1.0 -0.35745589010988926 3185
1500 0.0 4.967876165113182e-05 6008
2000 0.8 -0.25095517354196045 469166
1600 0.8 -0.08728833333333334 24
1600 0.3 -0.006827496087636935 639
1900 0.5 -0.10403755108767114 264007
1600 0.0 0.0002626795999999996 75000
1500 0.1 0.00023966942148760328 363
1900 1.0 -0.3947540875895518 128988
2000 0.6 -0.1277280236842422 828147
1700 0.6 -0.20892951219512157 2542
1900 0.8 -0.2590532952806233 71217
1600 0.4 -0.02641943661971831 142
1800 0.6 -0.17916688219383553 31798
1700 0.2 0.00706086423502182 88911
1700 0.7 -0.16827064484451668 3055
1700 0.1 0.013183970075053985 186266
1900 0.3 -0.04338641195300392 578833
1600 0.7 -0.025844545454545464 11
1700 0.4 -0.07230775751072963 1864
1900 0.1 0.0188430130550288 4415077
1800 0.9 -0.34529239967897274 3738
1800 0.5 -0.08699912066349381 38222
1700 0.5 -0.04899220797068254 2183
1900 0.4 -0.09764029200702293 284137
1700 0.3 -0.014522952478732662 6818
1600 0.2 0.0012123697270471476 806
2000 0.5 -0.07739158987793955 1088593
1700 0.8 -0.219575142118863 387
1600 1.0 -0.134606875 16
2000 1.0 -0.5458995985548695 604516
1700 0.9 -0.3959076851851851 108
2000 0.0 0.053881249017125654 3526741
1800 0.2 0.0013256789650733312 316003
2000 0.4 -0.03363189046738537 1576499
2000 0.7 -0.1878495681350107 478969
1900 0.6 -0.19592778033353747 95645
1800 0.4 -0.08493504385310009 46861
1600 0.0 0.00015768373990116889 38247
1600 0.5 -0.02741884615384615 52
2000 0.2 0.056155778775951286 4442055
1900 0.9 -0.3860091075844062 22243
1500 0.0 1.1453419811320754e-05 3392
1600 0.9 -0.06392666666666667 3
1500 0.2 9.972222222222222e-05 36
1800 0.1 0.013331353987315518 808464
1700 0.2 0.003965532028707683 22433
1800 0.0 0.007481577144975204 2166123
1500 0.3 -0.00017 11
1600 0.1 0.0006049335937500002 2560
1800 0.3 -0.030437265799598268 109180
1900 0.2 -0.0005543016270936695 1659400
1600 0.6 -0.018136521739130437 23
1500 0.7 -0.00173 1
2000 0.3 0.011029277138768993 2315645
1800 0.8 -0.22914642153581202 10457
2000 0.1 0.07445222151754734 6872635
1500 1.0 -0.00226 1
1500 0.4 -0.000505 2
1900 0.7 -0.21434354879857534 72912
1800 0.7 -0.17436432838038163 13460
1900 1.0 -0.41084794094747173 114305
1900 0.5 -0.11809610609011752 194627
1700 1.0 -0.31075641355140193 856
2000 0.8 -0.2644159395212485 395015
1600 0.8 -0.020489090909090908 11
1600 0.3 -0.003995381165919282 223
1900 0.0 0.01808548528245689 5368389
1500 0.1 0.00013921212121212123 165
1800 1.0 -0.359347172345538 21219
2000 0.6 -0.13689751591340332 717793
1700 0.6 -0.154104089147287 516
2000 0.9 -0.350541404727191 197412
1600 0.4 -0.009387000000000001 60
1800 0.6 -0.17533084617824274 15765
1900 0.8 -0.2627759324419502 58261
1700 0.0 0.0013131367945455514 416983
1700 0.7 -0.14405468934911256 676
1700 0.1 0.005738669713735844 58198
1900 0.3 -0.03975677226962033 701527
1600 0.7 -0.00394764705882353 17
1700 0.9 -0.33238051724137935 174
1900 0.1 0.019098564757852713 5218973
1800 0.4 -0.08588555843080801 57966
1700 0.2 0.002673666843402021 32063
1800 0.5 -0.08194802111183877 50493
1700 0.0 0.0013974802694967387 559413
1900 0.4 -0.09663053809554245 336706
1600 0.2 -0.0018460094339622633 1060
2000 0.3 0.01371423702684305 2606127
2000 0.5 -0.07170551759715679 1233807
1700 0.8 -0.23530833333333337 450
1900 0.6 -0.19710276829454057 112889
2000 0.4 -0.029936763820111033 1771218
2000 0.0 0.05226859796601022 3766642
1800 0.2 0.002878204948831553 415977
1800 1.0 -0.35989728792394965 24826
1900 0.7 -0.2099133199982294 88988
1800 0.9 -0.35088412081193493 4089
1600 0.5 -0.0040421538461538455 65
2000 1.0 -0.5346656934002917 682499
2000 0.2 0.056734077678111935 5033372
1900 0.9 -0.38952919581666084 25243
1500 0.3 -0.00020266666666666667 15
1600 0.9 -0.011189999999999999 2
1500 0.2 -1.5399999999999998e-05 50
1800 0.1 0.01328806668242017 1024198
1700 0.4 -0.07455070844686633 2569
1800 0.0 0.007297993731193656 2561571
1600 1.0 -0.09801761904761905 21
1600 0.1 5.97538372429769e-05 3453
1800 0.3 -0.025898927859679104 144011
1900 0.2 0.0016599841007662655 2005757
1600 0.6 -0.07811350000000002 20
1500 0.0 1.558266224538132e-05 4222
2000 0.9 -0.3383127843107816 225097
1800 0.8 -0.23739821031746075 12600
2000 0.1 0.07331640973982989 7639544
1800 0.7 -0.17759097335946755 17342
1900 1.0 -0.4132877632563814 129617
1900 0.5 -0.11326949409994948 237201
1700 1.0 -0.31453536271808974 1089
1500 0.5 0.0 2
2000 0.8 -0.2554201444820754 452582
1600 0.8 -0.013973333333333332 3
1600 0.3 -0.005907645051194536 293
1900 0.0 0.017508715638420456 6050835
1600 0.0 0.0001770463828628473 55085
1500 0.1 7.466666666666669e-05 165
2000 0.7 -0.1803916730844973 549004
1700 0.3 -0.012398697179460575 9679
2000 0.6 -0.13093445116134653 810730
1700 0.6 -0.17776063131313138 792
1900 0.8 -0.26625418734500345 68953
1600 0.4 -0.012382727272727271 55
1800 0.6 -0.17880590442232752 18791
1700 0.5 -0.04926542620865135 3144
1700 0.7 -0.12712102813852832 924
1700 0.1 0.006395604485295874 79638
1900 0.3 -0.030893762952074185 963358
1600 0.7 -0.028404799999999994 25
1700 0.9 -0.369105863453815 249
1700 0.6 -0.17992220422535204 1420
1900 0.1 0.019003733586411727 6254726
1800 0.4 -0.08221161478013622 86278
1800 0.0 0.006989000002382827 2941277
1700 0.0 0.001932886935698371 791753
1900 0.4 -0.09498883692202803 394290
1600 0.2 -0.0009688434982738779 1738
2000 0.5 -0.0626703345024168 1607791
1700 0.8 -0.23628520855614982 935
1600 1.0 -0.026821481481481477 27
2000 1.0 -0.5123516401917391 804723
1700 0.5 -0.051208936917672324 6547
1900 0.9 -0.3923493027309678 22373
1800 0.2 0.005731634866442022 709691
2000 0.9 -0.32191879242974547 256424
1800 1.0 -0.346910469307358 32239
1900 0.6 -0.1931498360280722 122277
1500 0.7 -0.03865 1
1800 0.9 -0.36713407002631004 4941
1600 0.0 0.00015943069465844956 62304
1600 0.5 -0.010880373831775703 107
2000 0.2 0.06330596780962056 6296426
1500 0.8 -0.04412 1
1600 0.9 -0.045835 2
1500 0.2 1.0506329113924038e-05 158
1800 0.1 0.013921894382716566 1570955
1700 0.4 -0.08237656883166002 5281
1800 0.5 -0.06758626435456604 86732
1500 0.3 -0.0002236111111111111 36
1600 0.1 -5.95617687884196e-05 5043
1800 0.3 -0.01888570496975189 250415
1900 0.2 0.0041269061395076585 2780872
1600 0.6 -0.028469 20
1500 0.0 0.00014673730184406347 6182
2000 0.3 0.020053795427589 3280616
1800 0.8 -0.23565443603205374 18095
2000 0.1 0.0761538458175296 8095670
1500 1.0 -0.0024 1
1500 0.4 0.000384 5
1900 0.7 -0.1870195053455144 113554
1800 0.7 -0.16639102311549678 27514
1900 1.0 -0.38526165879628493 134682
1900 0.5 -0.09312064646838707 319598
1700 1.0 -0.34721472474612425 1871
1500 0.5 -0.0005114285714285714 7
2000 0.8 -0.2479098131038803 586957
1600 0.8 -0.027373846153846155 13
1600 0.3 -0.0029888340807174875 446
1900 0.0 0.016586853247420808 5608760
1500 0.1 5.1560846560846524e-05 378
2000 0.7 -0.16710108081914538 719621
1700 0.3 -0.014915961002785404 20822
2000 0.6 -0.12437054359542479 1009648
2000 0.0 0.05099624381924765 3170537
2000 0.4 -0.026130665142603166 2194221
1600 0.4 -0.023492962962962962 81
1800 0.6 -0.17455647416524506 27134
1900 0.8 -0.2570935378392646 79362
1700 0.2 0.0016669016823310744 67882
1700 0.7 -0.14498540317834077 1699
1700 0.1 0.007311234561018718 161442
1900 0.3 -0.02725563782698991 315838
1600 0.7 -0.006217500000000001 4
1700 0.9 -0.4428809523809524 126
1900 0.1 0.01799586648301916 1877544
1800 0.9 -0.40005820871436304 1859
1800 0.5 -0.06536472807680495 35727
1700 0.0 0.002182905966507408 239755
1900 0.4 -0.09815675031327274 117319
1600 0.1 5.163318777292583e-05 1145
2000 0.3 0.017297332663688915 974639
2000 0.5 -0.06964493948648019 457501
1700 0.8 -0.29425924428822475 569
1900 0.6 -0.20079118362033774 36118
1600 1.0 -0.032045 4
2000 1.0 -0.5369357308811724 252996
1700 0.5 -0.05194789236545671 3995
2000 0.0 0.05119568296049231 1399283
1800 0.2 0.009279999698253216 265123
1800 1.0 -0.3709745557913887 13192
1900 0.7 -0.1854147073015404 37718
1800 0.4 -0.08465039572363253 31335
1600 0.0 6.430862914005636e-05 13466
1600 0.5 -0.013943793103448275 29
2000 0.2 0.05901246006878596 1855444
1900 0.9 -0.40264259187887075 7265
1500 0.3 0.0 3
1600 0.4 -0.00874818181818182 22
1500 0.2 7.363636363636363e-05 11
1800 0.1 0.016412091561612573 518689
1700 0.4 -0.08069397460937448 3072
2000 0.6 -0.1383565055288041 271941
1800 0.0 0.007462827441327095 969647
1800 0.3 -0.014236794258374486 100529
1900 0.2 0.004233509958578963 854389
1600 0.6 -0.00238 2
1500 0.0 4.659377628259039e-06 1189
1600 0.2 0.0007973262032085564 561
1800 0.8 -0.26287948538011446 6840
2000 0.1 0.07330313428298874 2649748
1800 0.7 -0.17127701004581755 11348
1900 1.0 -0.3900007252215972 45917
1900 0.0 0.015951846826748963 2059733
1700 1.0 -0.3790755815899582 1195
2000 0.8 -0.26636567463601846 158063
1600 0.8 -0.06532 2
1600 0.3 -0.0006915527950310559 161
1900 0.5 -0.0866167542603679 106857
2000 0.7 -0.18166519750798074 205612
1700 0.3 -0.005917928025265908 12032
2000 0.4 -0.03332790606312062 610133
1700 0.6 -0.19481365745856333 905
2000 0.9 -0.35239110355378567 71895
1500 0.1 3.085106382978723e-05 47
1800 0.6 -0.18722628937692742 10063
1900 0.8 -0.2658881227344461 23449
1700 0.2 0.011896061574646552 33163
1700 0.7 -0.16177718041704492 1103
1700 0.1 0.011801827610927098 65561
1900 0.3 -0.03883141252296188 321170
1600 0.7 -0.010034999999999999 2
1700 0.4 -0.059706712062256764 514
1900 0.1 0.01972033094212612 2293271
1800 0.9 -0.32064734933035716 1792
1800 0.5 -0.0828389774015065 15001
1700 0.5 -0.04790673139158578 618
1900 0.9 -0.37565592708820206 14977
1700 0.3 -0.00405029895366219 2007
1600 0.1 -0.00013672703751617114 773
2000 0.3 0.004831523030360653 1679218
2000 0.5 -0.09630232111185305 763410
1700 0.8 -0.1990884090909091 88
1900 0.6 -0.19569642136653934 57005
2000 0.4 -0.0444850034823483 1127105
2000 1.0 -0.5800718578015426 502917
1700 0.9 -0.3859331707317074 41
2000 0.0 0.05730041644989083 3452540
1800 0.2 0.003124933082567966 119102
2000 0.7 -0.2191200929925067 337877
1700 1.0 -0.2870834246575341 219
1900 0.2 0.0026823134960106756 877689
1900 0.4 -0.09286855327446464 162104
1600 0.0 0.00011539050253573036 10845
1800 0.7 -0.16688388619854408 5782
2000 0.2 0.05217315203322576 3232853
1500 0.0 2.0063131313131302e-05 792
1600 0.4 -0.030559999999999997 4
1800 0.1 0.013118531811639031 299403
1700 0.2 0.005460659837300379 6638
1800 0.0 0.007653916568848141 839135
1600 1.0 -0.00618 1
1800 0.4 -0.07934696066945579 17925
1900 0.0 0.016749907321555735 3599003
1600 0.6 -0.004066666666666666 6
1500 0.2 0.00021999999999999995 6
1600 0.2 -0.0011418106995884773 243
1800 0.8 -0.2240258592278726 4248
2000 0.1 0.07643614985022115 5609826
1900 0.7 -0.21466593783179183 44267
1900 1.0 -0.4209113073831462 76634
1800 0.3 -0.026070970568040617 42233
2000 0.8 -0.2974887908549526 275517
1600 0.8 -0.006788000000000001 5
1600 0.3 -0.0022138297872340428 47
1900 0.5 -0.12127235801846935 111106
1600 0.5 -0.0034300000000000003 15
1500 0.1 9.449999999999999e-05 40
1800 1.0 -0.3480796690127467 10514
2000 0.6 -0.16010824855156278 509327
1700 0.6 -0.15814132911392392 158
2000 0.9 -0.3928905261835757 151259
1600 0.9 -0.0056 1
1800 0.6 -0.16279639987395697 6347
1900 0.8 -0.27404778786127515 34600
1700 0.0 0.0010456809159321032 108567
1700 0.7 -0.14536864130434785 184
1700 0.1 0.006008363691931542 16360
1900 0.3 -0.037551220715690184 756122
1600 0.7 -0.006752380952380952 21
1700 0.4 -0.0749750506756754 2960
1900 0.1 0.01876991596785491 5423758
1800 0.4 -0.0862650907229973 64482
1800 0.5 -0.08097168546805088 57088
1700 0.5 -0.053462654390934845 3530
1900 0.4 -0.09732187895861326 344659
1700 0.3 -0.01513463636363626 10120
1600 0.2 -0.0016079380530973446 1130
2000 0.3 0.014126419837582862 2795024
2000 0.0 0.05210864688066646 3758050
1700 0.8 -0.23235061643835594 584
1900 0.6 -0.19885661030490998 112665
2000 0.4 -0.031083912329166755 1880330
1700 0.9 -0.3698145341614906 161
2000 0.5 -0.07160973431924046 1323167
1800 0.2 0.003560467836380311 475786
1500 0.6 -0.00151 1
2000 0.7 -0.1805496135898296 589477
1900 0.9 -0.39406095307672695 23954
1800 0.9 -0.34675296839212244 4366
1600 0.5 -0.009468611111111113 72
2000 1.0 -0.5357453663635873 717948
2000 0.2 0.05804568030852606 5376812
1500 0.3 -2.7272727272727344e-06 11
1600 0.9 -0.003785 4
1500 0.2 0.00017808823529411768 68
1800 0.1 0.013548767565347496 1148426
1700 0.2 0.003067949016710215 35188
1800 0.0 0.0073743507489541695 2706249
1600 1.0 -0.04341636363636364 33
1600 0.1 0.00023596633416458847 3208
1800 0.3 -0.02611784700358854 164213
1900 0.2 0.0019618143869836644 2182153
1600 0.6 -0.019756538461538464 26
1500 0.0 9.562088815789466e-06 4864
2000 0.9 -0.33837364069871695 230887
1800 0.8 -0.23513609934621948 14072
2000 0.1 0.07378103954054989 7881972
1500 0.4 7.50000000000002e-06 4
1900 0.7 -0.20603678401596995 93368
1800 0.7 -0.17283434687726607 19246
1900 1.0 -0.40892078436226487 129277
1900 0.5 -0.10941917973018943 252612
1700 1.0 -0.3473947368421058 1102
1500 0.5 -0.0005866666666666667 3
2000 0.8 -0.25761654957677954 482877
1600 0.8 -0.042681333333333335 15
1600 0.3 -0.006162316602316604 259
1900 0.0 0.017252362330259553 6125075
1600 0.0 0.0001349426872681866 53653
1500 0.1 0.00013057291666666667 192
1800 1.0 -0.3538425672463851 26507
2000 0.6 -0.131877948031588 859175
1700 0.6 -0.1872479977116705 874
1900 0.8 -0.2662432549573087 70855
1600 0.4 -0.03185791666666667 72
1800 0.6 -0.17737583113828462 21260
1700 0.0 0.0014766697546766466 576423
1700 0.7 -0.1540192974753021 911
1700 0.1 0.006897440654594222 87749
1900 0.3 -0.042832603074506884 1022779
1600 0.7 -0.013226666666666663 18
1700 0.4 -0.07648889304812777 3740
1700 0.6 -0.16999681697612706 1131
1900 0.1 0.019293683576547673 7654976
1800 0.9 -0.3477849066827204 6644
1800 0.0 0.007770614422590357 3812783
1700 0.5 -0.06334929685502445 3911
1900 0.4 -0.09671184354221901 500672
1600 0.2 -0.0015996370106761582 1405
2000 0.0 0.05389691912058308 6516435
1700 0.8 -0.23982636363636337 737
2000 0.4 -0.032666447006516906 2871179
2000 1.0 -0.5462427519701314 1123715
1700 0.9 -0.3392703344481605 299
1900 0.9 -0.3848310708921948 39285
1800 0.2 0.0024051297196587685 598984
1800 1.0 -0.35424365971592503 39708
1900 0.6 -0.19729354744192407 168933
1500 0.7 -0.0011933333333333334 3
1800 0.4 -0.08353869883434786 89220
1600 0.0 0.0001230096765733068 72443
1600 0.5 -0.006774660194174755 103
2000 0.2 0.05695795244753955 8051949
1500 0.3 -0.00022500000000000002 24
1600 0.9 -0.029089999999999998 5
1500 0.2 9.20238095238095e-05 84
1800 0.1 0.013917389942390467 1511890
1700 0.2 0.001823330733413683 42309
1800 0.5 -0.08790006098568436 72640
1600 1.0 -0.10528758620689657 29
1600 0.1 -0.0005597001532063894 4569
1800 0.3 -0.029474625078767306 207897
1900 0.2 0.00021494628616862784 2939094
1600 0.6 -0.02238324324324325 37
1500 0.0 1.189260808926082e-05 7170
2000 0.3 0.012107752053495301 4201292
1800 0.8 -0.23052538901143158 19948
2000 0.1 0.075030108944535 12367040
1500 0.4 -0.00076 1
1900 0.7 -0.21113021102919924 129366
1800 0.7 -0.17692231160389224 26155
1900 1.0 -0.41178948952317945 202399
1900 0.5 -0.11881672308622025 342789
1700 1.0 -0.3461022108626198 1565
1500 0.5 -0.00093 1
2000 0.8 -0.26252127256967334 731960
1600 0.8 -0.01515230769230769 13
1600 0.3 -0.005225606936416183 346
1900 0.0 0.017916409249960952 9386713
1500 0.1 0.00011373860182370827 329
2000 0.7 -0.18760707189974438 886848
1700 0.3 -0.019457601760175885 12726
2000 0.6 -0.1358869430759561 1322846
2000 0.5 -0.07673152585881582 1989011
2000 0.9 -0.3474763359335537 367406
1600 0.4 -0.017642826086956526 92
1800 0.6 -0.1734233697342649 30219
1900 0.8 -0.2656405406100432 104974
1700 0.0 0.0015984487297833398 790810
1700 0.7 -0.1498645321399513 1229
1700 0.1 0.006612099359535141 114292
1900 0.3 -0.03644896844673688 514622
1600 0.7 -0.01026923076923077 13
1700 0.9 -0.2732137931034484 87
1900 0.1 0.019045076712179962 3579157
1800 0.9 -0.3440149962490633 2666
1700 0.2 0.004622479014247179 25970
1800 0.0 0.007159934415007343 1656324
1700 0.5 -0.04910489755713163 2538
1900 0.4 -0.09644177081009343 228483
1700 0.3 -0.011245177915664097 7897
1600 0.2 -0.00028274038461538465 832
2000 0.3 0.015613191897792731 2282335
2000 0.0 0.05491977391708802 3152074
1700 0.8 -0.23112685421994877 391
2000 0.4 -0.030485948911742475 1561025
2000 1.0 -0.5449444408854943 616600
2000 0.5 -0.07320395125222205 1107907
1800 0.2 0.004256889869249094 325504
1500 0.6 -0.001145 2
1800 1.0 -0.33996030519992565 16481
1900 0.6 -0.1953692238174762 74248
1500 0.7 -0.00135 1
1800 0.4 -0.08406638593133364 41795
1600 0.5 -0.017267580645161294 62
1600 0.0 0.00016977776424744308 32848
2000 0.2 0.0605888266612758 4297778
1900 0.9 -0.3837657726819505 16048
1500 0.3 -0.000498 25
1600 0.9 -0.013323333333333333 3
1500 0.2 -0.00028594936708860764 79
1800 0.1 0.012860124789923091 755670
1700 0.4 -0.06929633546483024 2033
1800 0.5 -0.07279418952369167 39995
1600 1.0 -0.0625240909090909 22
1600 0.1 -7.788419677840665e-05 2297
1800 0.3 -0.021321245158440447 115407
1900 0.2 0.0022567053335652166 1467405
1600 0.6 -0.09363923076923077 13
1500 0.8 -0.00406 1
2000 0.9 -0.3491374064853048 200423
1800 0.8 -0.23003995720399256 9113
2000 0.1 0.07844697660522686 6317981
1500 1.0 -0.00168 1
1500 0.4 -0.0020880000000000004 5
1900 0.7 -0.2009348339483599 63685
1800 0.7 -0.16636351681506636 13589
1500 0.5 0.00045666666666666664 3
1900 0.5 -0.10518254822613766 174957
1700 1.0 -0.30558839891451856 737
1500 0.0 1.7526852106857623e-05 3631
2000 0.8 -0.26277275565649516 404488
1600 0.8 -0.08441399999999999 10
1600 0.3 -0.0017232579185520365 221
1900 0.0 0.01679065083573922 4100497
1500 0.1 9.417004048582998e-05 247
2000 0.7 -0.18551554312273133 498138
1900 1.0 -0.39893849267941117 88654
2000 0.6 -0.13473384704204844 728383
1700 0.6 -0.17198226102941178 544
1900 0.8 -0.26209152517016165 47457
1600 0.4 -0.019783260869565215 46
1800 0.6 -0.1733810381058078 13515
1700 0.0 0.0013977185759329258 368213
1700 0.7 -0.1406543503649638 685
1700 0.1 0.005228696304722138 63297
1900 0.3 -0.037111853801060274 592070
1600 0.7 -0.03143928571428572 14
1700 0.9 -0.3171842763157894 152
1900 0.1 0.019435864061311946 4245532
1800 0.9 -0.3507930226274916 2961
1800 0.5 -0.07667201776649855 41764
1700 0.5 -0.05681785594639855 2985
1900 0.9 -0.3956521819752343 17365
1600 0.1 0.00017321415673528392 2769
2000 0.3 0.017192246701550742 2186610
2000 0.0 0.05140778602991458 2592194
1700 0.8 -0.24894372791519415 566
2000 0.4 -0.02781697707614409 1484394
1700 0.0 0.001476418739400104 416278
2000 0.5 -0.06789176349965455 1050916
1800 0.2 0.00386014989739434 355243
1800 1.0 -0.3537989708695399 18297
1900 0.6 -0.1989519315411967 86563
1900 0.4 -0.09651931957698995 267319
1600 0.5 0.011183333333333332 66
2000 1.0 -0.5224565729193758 558061
2000 0.2 0.060630218836858533 4221641
1500 0.0 1.112159329140461e-05 3816
1600 0.9 -0.006234999999999999 2
1500 0.2 0.00021036363636363638 55
1800 0.1 0.01275069243709633 867299
1700 0.4 -0.07486811226313894 2797
1800 0.0 0.00714027145563598 1880823
1600 1.0 -0.18547571428571433 28
1800 0.4 -0.08304658796778551 47057
1800 0.3 -0.02394136331045095 121337
1900 0.2 0.002544629239967889 1735125
1600 0.6 -0.026981875 16
1500 0.3 0.0003381818181818182 11
1600 0.2 -0.0011767738478027868 933
1800 0.8 -0.227604516419702 9988
2000 0.1 0.07493544725713672 5986622
1500 1.0 -0.00124 1
1500 0.4 -0.00085 1
1900 0.7 -0.2019626527237475 70143
1800 0.7 -0.17068111779017728 13974
1900 1.0 -0.40550209874985893 95109
1900 0.0 0.01758481714939539 4194107
1700 1.0 -0.33368226019845676 907
1500 0.5 -0.00016375 8
2000 0.8 -0.2504687387684866 389976
1600 0.8 -0.09261642857142856 14
1600 0.3 -0.002731244239631336 217
1900 0.5 -0.10922965591933352 192978
1600 0.0 0.00015861403602544257 37418
1500 0.1 8.644578313253014e-05 166
2000 0.7 -0.17382233029344693 470606
1700 0.3 -0.01050041589458499 9714
2000 0.6 -0.12758506568090472 683304
1700 0.6 -0.17822290404040375 792
2000 0.9 -0.3271456988700926 182931
1600 0.4 -0.0007680555555555585 36
1800 0.6 -0.16837656380753024 15296
1900 0.8 -0.26115873780273596 53803
1700 0.2 0.005624206484641598 30472
1700 0.7 -0.15792247652582167 852
1700 0.1 0.007939384909315124 75371
1800 0.4 -0.0846611661385707 146432
1600 0.7 -0.009863030303030302 33
1700 0.9 -0.3927328993055553 576
1900 0.1 0.020799602589605885 10004569
1800 0.9 -0.3606166604256969 10148
1800 0.5 -0.0872919183652946 119263
1700 0.0 0.002072727444227181 1176783
1900 0.9 -0.39413508155913446 49412
1700 0.3 -0.019315791306301174 26709
1600 0.2 -0.000850265168539325 2225
2000 0.3 0.013821735192147147 5299863
2000 0.0 0.054549416103869715 6686447
1700 0.8 -0.2595239469578782 1923
1900 0.6 -0.19541451564897735 227779
2000 0.9 -0.33570635913203667 458344
2000 1.0 -0.533087675409184 1335977
1700 0.5 -0.07261440326419583 8823
2000 0.5 -0.07295188227430213 2552731
1800 0.2 0.005642398277837306 943698
1500 0.6 -0.003385 2
2000 0.7 -0.17930642437662256 1142528
1900 0.2 0.0017592508849042774 3996462
1500 0.7 -0.00143 1
1900 0.4 -0.09699320763323284 683267
1600 0.0 0.00011585189340813434 106950
1600 0.5 -0.011550197368421054 152
2000 0.2 0.05869722960486953 10095585
1500 0.3 -8.142857142857142e-05 35
1600 0.9 -0.14463166666666666 6
1500 0.2 8.777777777777778e-05 144
1800 0.1 0.01680202460256392 2221394
1700 0.4 -0.08311711951297636 9363
1800 0.0 0.008223193634373396 4983454
1600 1.0 -0.10096121951219514 41
1600 0.1 -0.00014806358381502885 6920
1800 0.3 -0.02684152589912273 335494
1900 0.3 -0.04113095135645038 1406150
1600 0.6 -0.040539 50
1500 0.0 1.5088786911412615e-05 10024
2000 0.4 -0.030761626116836346 3656705
1800 0.8 -0.23858084256168807 32057
2000 0.1 0.07634168918302027 14599030
1500 1.0 -0.0028633333333333336 3
1500 0.4 -0.005028750000000001 8
1900 0.7 -0.20937551162768836 176906
1800 0.7 -0.17923587946427638 42560
1900 1.0 -0.4083938657761283 255871
1900 0.5 -0.1153708657789106 475052
1700 1.0 -0.3783105911912495 3383
1500 0.5 -0.00106 8
2000 0.8 -0.25628465763127295 945077
1600 0.8 -0.03336821428571429 28
1600 0.3 -0.002818908145580588 577
1900 0.0 0.019121909985595188 10616258
1500 0.1 0.00012477516059957177 467
1800 1.0 -0.3637118934115219 57980
2000 0.6 -0.13109099416132508 1697391
1700 0.6 -0.19188460670193977 2835
1900 0.8 -0.26311705395841284 140497
1600 0.4 -0.0061612878787878815 132
1800 0.6 -0.17477002800614772 49989
1700 0.2 0.006805134053853644 86234
1700 0.7 -0.17309993153153133 2775
1700 0.1 0.011154327677880925 206880
1800 0.4 -0.09340415464684078 13450
1900 0.3 -0.04046534095673274 112111
1600 0.7 -0.00728 4
1700 0.9 -0.33323374999999994 24
1900 0.1 0.01994881752111767 809469
1800 0.9 -0.3816476074332176 861
1800 0.5 -0.08308224849598951 11968
1700 0.5 -0.04783838592233004 824
1900 0.4 -0.09911524451020504 51368
1700 0.3 -0.013481508064516123 2480
1600 0.2 -0.00047269360269360276 297
2000 0.3 0.013038611786203518 363323
2000 0.0 0.05242550758531941 515667
1700 0.8 -0.2293192592592592 108
1900 0.6 -0.19876763917106585 17227
2000 0.4 -0.033129179960798005 243842
1700 0.4 -0.07826047368421057 570
2000 0.5 -0.07229115327873388 172170
1800 0.2 0.005650501064736135 93920
1800 1.0 -0.37108381845182686 5387
1900 0.2 0.0006587033981062381 323592
1900 0.9 -0.3786725773195884 3686
1600 0.0 0.0001515809299587995 8495
2000 1.0 -0.5401420369120856 93357
2000 0.2 0.05664945725312221 713795
1500 0.3 -0.0001323076923076923 13
1600 0.9 -0.05985 1
1500 0.2 0.00010468749999999999 32
1800 0.1 0.01651743325226216 219558
1700 0.2 0.00014983593950269178 7802
1800 0.0 0.00871266776357698 431515
1600 1.0 -0.08346 7
1600 0.1 0.00016555854643337847 743
1800 0.3 -0.027618464659408114 32781
1900 0.0 0.018707160860655415 803018
1600 0.6 -0.0939325 4
1500 0.9 -0.00251 1
2000 0.9 -0.34806562118614803 29170
1800 0.8 -0.23510637475214852 3026
2000 0.1 0.07373575213519028 1064177
1500 0.4 -0.000915 4
1900 0.7 -0.20150888642063128 13955
1800 0.7 -0.1818775353971662 4167
1500 0.5 -0.001422 5
1700 1.0 -0.31235701195219134 251
1500 0.0 4.129785247432307e-05 1071
2000 0.8 -0.2590769199503243 61999
1600 0.8 -0.165865 2
1600 0.3 0.0027018750000000003 80
1900 0.5 -0.10882619623691311 38107
1600 0.5 -0.0033710344827586206 29
1500 0.1 5.639175257731957e-05 97
2000 0.7 -0.18215781591097796 74942
1900 1.0 -0.3912238596401516 19564
2000 0.6 -0.13375157425427814 110465
1700 0.6 -0.18514840909090904 176
1900 0.8 -0.2621350618856931 10988
1600 0.4 -0.002678636363636364 22
1800 0.6 -0.1838861408918406 4216
1700 0.0 0.001830288153125361 115043
1700 0.7 -0.1274515384615385 208
1700 0.1 0.004864286274894503 20386
1900 0.3 -0.03642245326029226 847941
1600 0.7 -0.008416923076923077 13
1700 0.9 -0.3534945662100457 219
1900 0.1 0.01821164034752969 6076377
1800 0.9 -0.3555406042726352 4915
1700 0.2 0.0027802816341143035 50278
1800 0.5 -0.07211656015037793 70224
1700 0.5 -0.056047317497103136 5178
1900 0.4 -0.09573292595226195 382132
1700 0.3 -0.01400262902819722 15888
1600 0.2 -0.001948372093023254 1290
2000 0.5 -0.06723996053988485 1618597
1700 0.8 -0.24477507975460114 815
2000 0.4 -0.027796110627715746 2274709
2000 0.0 0.05212063330133496 3930072
1800 0.2 0.004351203097867166 553413
1500 0.6 -0.00135 1
1800 1.0 -0.3447585498568912 30397
1900 0.6 -0.19251406332414447 123239
1800 0.4 -0.0805036609275397 76202
1600 0.5 -0.02295173913043478 92
2000 1.0 -0.5223653139476396 839105
2000 0.2 0.06089195319943204 6350489
1900 0.9 -0.38617506332653645 25029
1500 0.3 -6.000000000000001e-05 20
1600 0.9 -0.14708 2
1500 0.2 4.795698924731183e-05 93
1800 0.1 0.013893002161906429 1278502
1700 0.4 -0.08125530987514144 4405
1800 0.0 0.0067572901958218995 3080706
1600 1.0 -0.04170888888888889 18
1600 0.1 0.00012392714453583967 4255
1800 0.3 -0.022790790248391996 195660
1900 0.2 0.0017374616757903467 2450605
1600 0.6 -0.03995999999999999 15
1500 0.4 -0.00026333333333333336 3
2000 0.3 0.016870651947310196 3329288
1800 0.8 -0.22804381953702568 16502
2000 0.1 0.07541186172991954 8816687
1900 0.7 -0.19814510904253552 102162
1800 0.7 -0.16867301004058358 23405
1500 0.5 0.0 2
1900 0.0 0.016270272345227148 6753377
1700 1.0 -0.3384740109890109 1638
1500 0.0 9.874963652224487e-06 6878
2000 0.8 -0.24931196036429354 603092
1600 0.8 -0.04618549999999999 20
1600 0.3 -0.0008674858757062147 354
1900 0.5 -0.10313702151036795 284886
1600 0.0 9.711084774121572e-05 71720
1500 0.1 0.00010496527777777781 288
2000 0.7 -0.1724914204353536 727256
1900 1.0 -0.3898465685255954 139561
2000 0.6 -0.12674849957547976 1056341
1700 0.6 -0.20594781833616263 1178
2000 0.9 -0.3226724375810775 282206
1600 0.4 -0.0019969696969696984 66
1800 0.6 -0.17017653044903344 25009
1900 0.8 -0.25351195275652005 77598
1700 0.0 0.0016659551107428467 770162
1700 0.7 -0.1555928857715434 1497
1700 0.1 0.0076873022512803325 121442
1900 0.3 -0.041916799272315564 1639396
1600 0.7 -0.04577583333333334 24
1700 0.4 -0.08249599210733971 6335
1900 0.1 0.019165208313159775 12309594
1800 0.9 -0.3470457220034791 10921
1700 0.2 0.002294553780499621 72173
1800 0.5 -0.08479990202082148 120842
1700 0.5 -0.06099407322980488 7019
1900 0.4 -0.09616910234340355 792742
1700 0.3 -0.01676415798691123 21698
1600 0.2 -0.001336033274956219 2284
2000 0.3 0.013081732167632148 6526990
2000 0.0 0.05369482641982126 8871323
1900 0.6 -0.1939163404715635 264586
2000 0.4 -0.031208186702273603 4479750
1700 0.9 -0.3284989487179486 390
2000 0.5 -0.07338076308641465 3119319
1800 0.2 0.003238000949189033 981891
1500 0.6 -0.00246 1
1800 1.0 -0.3536086384463291 62201
1700 1.0 -0.3299285351787773 2601
1900 0.7 -0.20858419938277373 203468
1800 0.4 -0.08297198666696105 146703
1600 0.5 -0.01712390728476821 151
2000 1.0 -0.5359813664176293 1675886
2000 0.2 0.05794509254058753 12547216
1500 0.3 -0.00010454545454545456 22
1600 0.4 -0.022584265734265738 143
1500 0.2 0.0001569642857142857 56
1800 0.1 0.014735967793805734 2412766
1700 0.0 0.0015260727309775923 1423190
1800 0.0 0.00729798413630703 6144220
1600 1.0 -0.06521448979591837 49
1600 0.1 0.00029836570220636807 7569
1900 0.9 -0.38768193125966866 58190
1600 0.6 -0.015314999999999999 46
1600 0.9 -0.07039416666666667 12
1900 0.2 0.00048683157561852785 4727255
1500 0.4 -0.0014650000000000002 2
2000 0.9 -0.33639766222430567 561106
1800 0.8 -0.22948269355989193 32251
2000 0.1 0.0749313405157579 18577729
1800 0.7 -0.1749223827289471 42082
1500 0.5 0.0 1
1900 0.0 0.017570355385594226 14039426
1800 0.3 -0.027797879366724513 343421
1500 0.0 6.814451466842754e-06 10601
2000 0.8 -0.25592464471682796 1151039
1600 0.8 -0.02162260869565217 23
1600 0.3 -0.002956530973451327 565
1900 0.5 -0.11473991892508499 548135
1600 0.0 0.00011064202080582768 137846
2000 0.7 -0.18128910428943332 1388350
1900 1.0 -0.4037738207935757 301228
2000 0.6 -0.13225631845469835 2058524
1700 0.6 -0.1780192490745636 1891
1900 0.8 -0.26178587234297274 163720
1500 0.1 0.00011652173913043476 230
1800 0.6 -0.17161307740398835 49584
1700 0.8 -0.2291065152701645 1277
1700 0.7 -0.1672971356275303 1976
1700 0.1 0.006671173991539776 190538
1800 0.4 -0.08637809570436718 94980
1900 0.3 -0.03536518766382703 1123951
1600 0.7 -0.05676136363636363 22
1700 0.4 -0.07447717334929117 5013
1900 0.1 0.018444879876600182 7838772
1800 0.9 -0.3395939463220673 6036
1800 0.0 0.007154302811253087 3972217
1700 0.5 -0.03648937515284912 8178
1700 0.3 -0.01108026136217322 23301
1600 0.2 -0.0010513613861386137 2020
2000 0.5 -0.06905131212388094 1847417
1700 0.8 -0.2105971718249735 937
1900 0.6 -0.1957809080192105 157772
1600 1.0 -0.066992 30
2000 1.0 -0.5266555154350898 994558
1700 0.9 -0.3506014184397162 282
2000 0.0 0.05203873389867555 5212711
1800 0.2 0.0026629221685018642 790721
1500 0.6 -0.00253 1
2000 0.9 -0.333496705226551 317169
2000 0.7 -0.1766943186658185 823942
1900 0.9 -0.38639298455494775 33603
1500 0.7 -0.0014099999999999998 2
1900 0.4 -0.09627259789497757 488942
1600 0.0 0.00010378283368364156 81357
1600 0.5 -0.003362341772151898 158
2000 0.2 0.05781951340812891 7515062
1500 0.3 0.00059 17
1600 0.9 -0.07224333333333333 3
1500 0.2 6.999999999999998e-05 118
1800 0.1 0.011663925450580299 1877466
1700 0.2 0.0029695586462044218 72980
1800 0.5 -0.06515035709599853 99077
1600 0.1 -3.489921121822947e-05 5705
1800 0.3 -0.0215545468075946 278160
1900 0.2 0.001751774690624122 3184093
1600 0.6 -0.02903294117647059 17
1500 0.0 7.835596854896366e-06 6995
2000 0.3 0.015349201442858855 3891468
1800 0.8 -0.22890189285535015 19917
2000 0.1 0.07286043038524447 11029911
1500 0.4 -0.0007733333333333333 3
1900 0.7 -0.19722352516709973 134978
1800 0.7 -0.16255788266458895 30954
1900 1.0 -0.39665044204100114 184734
1900 0.0 0.017295530899172674 8316306
1700 1.0 -0.30112172627563183 2097
1500 0.5 -0.00013666666666666666 9
2000 0.8 -0.2537771563678316 669633
1600 0.8 -0.094899 10
1600 0.3 -0.0024112398373983728 492
1900 0.5 -0.10008653062827347 382245
1500 0.1 0.00017269662921348314 356
1800 1.0 -0.33887998152974325 39523
2000 0.6 -0.1310327246779704 1178888
1700 0.6 -0.17553336648814055 1307
2000 0.4 -0.030414661210907672 2586787
1600 0.4 -0.021644479166666675 96
1800 0.6 -0.17617979810214907 29718
1900 0.8 -0.26240620924406066 99004
1700 0.0 0.0014331569082607623 973161
1700 0.7 -0.13721379787234075 1880
1700 0.1 0.005465342970119487 176269
1900 0.3 -0.036929983806931986 358178
1600 0.7 -0.042401999999999995 5
1700 0.9 -0.4252816666666666 96
1900 0.1 0.017403079193138132 2679007
1800 0.9 -0.3639302173913046 1702
1700 0.2 0.003654484977502516 20669
1800 0.0 0.0062830364840557205 1235992
1700 0.0 0.0015339580886506927 292045
1900 0.9 -0.39224765970515596 9768
1600 0.2 -0.000619643705463183 421
2000 0.3 0.017002618258295955 1376098
2000 0.0 0.053165490883960755 1463737
1700 0.8 -0.25583749253731336 335
1900 0.6 -0.1935784897902578 50589
1600 1.0 -0.040277499999999994 4
2000 0.5 -0.06520384177322346 670961
1800 0.2 0.003550259692286126 224689
1800 1.0 -0.34047550939759336 10375
1900 0.4 -0.09603069297453087 158736
1800 0.4 -0.08341944863205028 28656
1600 0.5 -0.0057282608695652165 23
2000 1.0 -0.518615868431458 333636
2000 0.2 0.06086250732506098 2618069
1500 0.3 -0.00022333333333333333 6
1600 0.9 -0.20734 2
1500 0.2 0.0001072 25
1800 0.1 0.012899099077294888 545352
1700 0.4 -0.08528164782867353 1681
1800 0.5 -0.0732442522529378 26299
1600 0.1 -0.0003904127725856696 1284
1800 0.3 -0.02238018191201228 77510
1900 0.2 0.000736790448246784 1048352
1600 0.6 -0.00051 2
1500 0.0 3.379279679857711e-06 2249
2000 0.4 -0.02692612553654024 942164
1800 0.8 -0.23334737456445892 5740
2000 0.1 0.07540939351418029 3585706
1900 0.7 -0.1973849803762895 42041
1800 0.7 -0.16734099006547323 8858
1900 1.0 -0.38415632967114394 54066
1900 0.5 -0.10208282919539448 117772
1700 1.0 -0.3244973025048175 519
2000 0.8 -0.24591349876305538 245784
1600 0.8 -0.06595999999999999 7
1600 0.3 -0.004838351648351647 91
1900 0.0 0.01667252768864237 2594746
1600 0.0 0.00010388880615537366 20145
1500 0.1 0.00016526315789473683 76
2000 0.7 -0.17062262846437587 297573
1700 0.3 -0.01725150541108054 6191
2000 0.6 -0.12501792855701171 434948
1700 0.6 -0.19782600840336123 476
2000 0.9 -0.31788309239921075 114817
1600 0.4 -0.009927391304347827 23
1800 0.6 -0.17570885826771843 9144
1900 0.8 -0.2579812461484724 31481
1700 0.5 -0.05872615104166664 1920
1700 0.7 -0.17260654929577493 568
1700 0.1 0.008565055799732364 52330
1900 0.3 -0.04232420295834781 426521
1600 0.7 -0.05833900000000001 20
1700 0.9 -0.2578603636363636 110
1900 0.1 0.019603711159036297 3140822
1800 0.9 -0.35504966325036696 2732
1700 0.2 0.0024630257539664598 22249
1800 0.5 -0.08703744092373869 33516
1700 0.0 0.001594479635871501 359873
1900 0.9 -0.38918255382279826 14492
1600 0.1 0.0007930612935997288 2953
2000 0.3 0.011149314948352333 1654430
2000 0.0 0.05597162784635248 2097913
1700 0.8 -0.20702038805970172 335
2000 0.9 -0.358278747554274 132884
2000 1.0 -0.5443009189370072 413728
2000 0.5 -0.0788595516778952 776183
1800 0.2 0.0017133467528744912 289379
1800 1.0 -0.35024957351644476 15874
1900 0.6 -0.19780719386152487 66857
1500 0.3 -7.944444444444443e-05 18
1500 0.7 -0.00115 2
1900 0.4 -0.0975954074092539 202450
1600 0.5 -0.010642881355932207 59
2000 0.6 -0.14195639739680904 503683
2000 0.2 0.057922964504181586 3182313
1500 0.8 -0.00397 1
1600 0.9 -0.19255 5
1500 0.2 -1.517241379310345e-05 58
1800 0.1 0.013905390236587722 716655
1700 0.4 -0.07848675332177957 1731
1800 0.0 0.008177669633908077 1542174
1600 1.0 -0.07397593749999999 32
1800 0.4 -0.08630509873112045 41375
1800 0.3 -0.02955342289016525 99676
1900 0.2 0.00014362779455900468 1244114
1600 0.6 0.00552368421052631 19
1500 0.0 1.0010402219140084e-05 2884
1600 0.2 -0.000530274285714286 875
1800 0.8 -0.23447688214244358 8663
2000 0.1 0.0773607993453262 4624922
1500 1.0 -0.00692 1
1500 0.4 -0.001908333333333333 6
1900 0.7 -0.20605754279245483 52112
1800 0.7 -0.1756719085588221 11789
1900 1.0 -0.3987091545602667 75511
1900 0.0 0.0189934931291485 3291951
1700 1.0 -0.3286376790830949 698
2000 0.8 -0.2705730632888694 277584
1600 0.8 -0.014960000000000001 7
1600 0.3 -0.006180048780487802 205
1900 0.5 -0.11478025472351414 141526
1600 0.0 0.0007023181482912456 28471
1500 0.1 4.3544973544973555e-05 189
1700 0.3 -0.01647686436781603 6525
2000 0.7 -0.19295615037686112 337898
1700 0.6 -0.17313722656249994 512
2000 0.4 -0.03597964234957648 1118830
1600 0.4 -0.006154590163934425 61
1800 0.6 -0.17505531238447272 13525
1900 0.8 -0.2612892260280705 41048
1700 0.5 -0.05533232518476406 1759
1700 0.7 -0.12398880829015566 579
1700 0.1 0.0051091209271812345 59449
1900 0.3 -0.03668081152948085 487758
1600 0.7 -0.029624285714285718 7
1700 0.9 -0.36126877551020403 98
1900 0.1 0.017408215341414846 3543294
1800 0.9 -0.3317634492350494 2157
1700 0.2 0.003813215275751348 27416
1800 0.5 -0.05878209324650476 38543
1700 0.5 -0.037695678073510784 3156
1900 0.9 -0.3877760082505927 14302
1600 0.2 0.00031388221153846174 832
2000 0.0 0.04962189215119638 2266024
1700 0.8 -0.246308134110787 343
1900 0.6 -0.19481660815409924 69045
2000 0.9 -0.3128889767118474 149518
1800 1.0 -0.3435634895833332 15360
2000 0.5 -0.05967483720226353 825165
1800 0.2 0.0019022047769118398 301450
2000 0.7 -0.16403105225534323 373379
1900 0.2 0.0012414791818112082 1389410
1500 0.3 0.0 5
1800 0.4 -0.08382752103339937 35301
1600 0.0 8.659951230840683e-05 51672
2000 1.0 -0.5129408071694144 455431
2000 0.2 0.05997031103427145 3288288
1900 0.4 -0.0963363359156164 214411
1500 0.4 -0.0007 1
1600 0.9 -0.006177142857142858 7
1500 0.2 -0.000118 25
1800 0.1 0.010755080704391275 727098
1700 0.4 -0.08462922507122506 1755
1800 0.0 0.006449432123519775 1800550
1600 1.0 -0.07827809523809523 21
1600 0.1 5.97992700729927e-05 2740
1800 0.3 -0.021151689495538334 104765
1900 0.5 -0.10062229732358896 164474
1600 0.6 -0.0060875 8
1500 0.0 5.378254211332313e-06 3265
2000 0.3 0.01929316827737846 1706290
1800 0.8 -0.22913823794382457 7548
2000 0.1 0.07233821427581288 4811779
1900 0.7 -0.19956659128212334 57881
1800 0.7 -0.16174969986120266 11528
1900 1.0 -0.3985142589911763 79439
1700 1.0 -0.3149715512465375 722
1500 0.5 -0.00093 1
2000 0.8 -0.23994143323447434 309419
1600 0.8 -0.0037128571428571427 7
1600 0.3 -0.0006017050691244243 217
1900 0.0 0.016889449717128326 3817473
1600 0.5 -0.004609565217391304 69
1500 0.1 -3.6249999999999993e-05 72
1700 0.3 -0.008157940138841399 8787
2000 0.6 -0.11799019670799599 535718
1700 0.6 -0.20173623106060576 528
2000 0.4 -0.023229138176982158 1148310
1600 0.4 -0.00831134328358209 67
1800 0.6 -0.17260701465368242 10987
1900 0.8 -0.25838706527512384 43309
1700 0.0 0.0010680065790925801 452950
1700 0.7 -0.13447607305936102 657
1700 0.1 0.005754972597452718 64775
1600 0.0 2.20027247956403e-05 3670
1700 0.4 -0.04081084905660376 106
1900 0.1 0.019784971103648297 494180
1800 0.9 -0.3813461792452829 212
1800 0.4 -0.09683532046523076 4041
1700 0.5 -0.009096569343065694 274
1900 0.4 -0.09929648392808543 29368
2000 0.6 -0.14234093473380738 64168
2000 0.3 0.016905850812462275 227271
2000 0.0 0.05297072660464808 286029
1700 0.8 -0.23434555555555553 18
1900 0.6 -0.21002029646786527 8635
2000 0.9 -0.3632994182446114 16794
2000 1.0 -0.5497592957534335 59766
1800 1.0 -0.3614496623222751 1688
2000 0.5 -0.07433800350677532 105510
1800 0.2 0.0007842086195016528 44991
2000 0.7 -0.18797189840385423 45986
1700 0.0 0.0004123621862538149 55419
1900 0.2 0.004748542509210287 222046
1900 0.9 -0.4203949000571113 1751
1600 0.5 0.0 3
1800 0.7 -0.15424537396121962 1444
2000 0.2 0.05955118955839047 444644
1500 0.0 2.9113475177304965e-05 282
1600 0.4 -0.0028199999999999996 3
1800 0.1 0.008828709936719687 116940
1700 0.9 -0.065125 2
1800 0.5 -0.06184484584307877 4703
1600 0.1 0.0002315135135135136 185
1800 0.3 -0.022535258781361728 13950
1900 0.3 -0.032662670899850824 72601
1500 0.2 0.0 1
1600 0.2 0.0003435714285714286 56
1800 0.8 -0.25663003921568606 765
2000 0.1 0.07653745615032241 632160
1900 0.7 -0.20359849426147408 8016
1800 0.0 0.006187578485707701 233482
1900 0.0 0.016817691150037225 427256
1700 1.0 -0.2404513888888889 36
2000 0.8 -0.27390823043899726 36105
1600 0.3 0.00041411764705882355 17
1900 1.0 -0.4090371401225158 10448
1900 0.5 -0.10201187324004765 23083
1700 0.3 -0.007826405693950178 843
2000 0.4 -0.032752637274058444 146386
1700 0.6 -0.07568823529411764 17
1900 0.8 -0.28806264850136204 5505
1500 0.1 -5.555555555555555e-06 9
1800 0.6 -0.19398385252692624 1207
1700 0.2 -0.0011715081521739123 2944
1700 0.7 -0.06386695652173913 23
1700 0.1 0.001147597217045597 8049
1800 0.9 -0.2999682701421801 422
1600 0.2 -0.0053265921787709475 179
1700 0.9 -0.3798358333333334 12
1900 0.1 0.01602003747917215 674508
1800 0.4 -0.07835523295733143 6117
1800 0.0 0.006095747100178501 310795
1700 0.0 0.0008363273321341978 60599
1900 0.4 -0.09342192564179949 39888
1600 0.1 0.004250665434380775 541
2000 0.0 0.05280363968992807 728084
1700 0.8 -0.17545692307692312 26
1900 0.6 -0.1862351945640868 13466
2000 0.9 -0.356167272907689 35272
1700 0.5 -0.014148403990024943 401
2000 0.5 -0.07792088735683272 188853
1800 0.2 0.0027081159281711607 52291
1800 1.0 -0.32811859546703287 2912
1900 0.2 0.0011362896995709222 260960
1900 0.9 -0.3710041658599549 3099
1600 0.0 0.00040530392446149247 6778
2000 1.0 -0.553843379637972 116835
2000 0.2 0.056184302246826426 791512
1500 0.3 0.00038333333333333334 3
1600 0.9 -0.04883 2
1500 0.2 0.00097 4
1800 0.1 0.00849014994376133 128915
1700 0.4 -0.059631377551020416 196
1600 0.7 -0.04123 8
1600 1.0 -0.09070800000000001 10
1800 0.5 -0.05847958218969205 6558
1800 0.3 -0.01817558158584526 18312
1900 0.3 -0.03530112119570744 90457
1600 0.6 -0.018998333333333336 6
1500 0.0 5.58980044345898e-05 451
2000 0.3 0.012674746267039749 406983
1800 0.8 -0.2263846359223303 1236
2000 0.1 0.07425868192218656 1273286
1900 0.7 -0.20171967213114417 11224
1800 0.7 -0.15550902211302234 2035
1900 1.0 -0.396797225450491 17037
1900 0.5 -0.10068893748583736 30889
1700 1.0 -0.2135316049382716 81
2000 0.8 -0.26934028903326945 68954
1600 0.8 -0.01566 3
1600 0.3 -0.029258297872340425 47
1900 0.0 0.01529436983576797 891347
1600 0.5 -0.005321666666666666 18
1500 0.1 0.0002175 8
2000 0.7 -0.19205951973731927 84662
1700 0.3 -0.00448447695035461 1128
2000 0.6 -0.14025771013055194 121020
1700 0.6 -0.1348173584905661 53
2000 0.4 -0.03480355574557403 268990
1600 0.4 -0.008964615384615385 13
1800 0.6 -0.15603061421319797 1970
1900 0.8 -0.2575252057055269 8483
1700 0.2 -0.0003524226281075595 3942
1700 0.7 -0.07305541666666666 72
1700 0.1 0.0029021070863024636 10104
1600 0.2 -0.000336829268292683 41
1700 0.9 -0.22945000000000002 5
1900 0.1 0.019104369264330408 571206
1800 0.9 -0.34556423553718996 484
1700 0.2 -0.0003779867819013736 1967
1800 0.5 -0.09320765538461538 3250
1700 0.5 -0.05087052631578948 152
1900 0.9 -0.36860132954545455 3520
1700 0.3 -0.011439680851063833 564
2000 0.6 -0.1500276987918945 146510
2000 0.5 -0.08811503650952608 216108
1700 0.8 -0.12597784313725488 51
1900 0.6 -0.1955510249370838 13113
2000 0.4 -0.03816666848823597 314749
2000 0.0 0.05730923271896563 787091
1800 0.2 0.0001705034525592797 27371
2000 0.7 -0.20848127661777674 96599
1900 0.2 -0.0005562600146890683 208319
1800 0.4 -0.08161278135738784 4656
1600 0.0 4.5701254275940664e-05 1754
2000 1.0 -0.5682048598389414 133846
2000 0.2 0.05894477281236995 851785
1900 0.4 -0.09497786590547234 37660
1500 0.3 -0.00038666666666666667 3
1500 0.2 -8e-05 5
1800 0.1 0.014040442934818025 76693
1700 0.4 -0.05811631578947369 133
1800 0.0 0.007848435993398368 215095
1600 0.1 0.0006493918918918922 148
1800 0.3 -0.030715668509418398 9768
1900 0.3 -0.04430115829956909 72805
1500 0.0 2.177700348432056e-05 287
2000 0.3 0.010212244478557515 452056
1800 0.8 -0.23537792184724662 1126
2000 0.1 0.08095834504477754 1387814
1900 0.7 -0.21660554157716794 9777
1800 0.7 -0.1886375583090378 1372
1900 0.5 -0.12568741923536156 24299
1700 1.0 -0.34791599999999995 55
2000 0.8 -0.28499696518107587 78779
1600 0.3 -0.0005133333333333333 15
1900 1.0 -0.413131967174258 16877
1900 0.0 0.017203849328956584 826622
1600 0.5 0.0 2
1800 1.0 -0.3509012197802196 2730
2000 0.9 -0.37851904445446694 42133
1700 0.6 -0.10259600000000003 45
1900 0.8 -0.2694370693808703 8302
1500 0.1 8.565217391304346e-05 23
1800 0.6 -0.15692249854735604 1721
1700 0.0 0.0015862040370654572 33886
1700 0.7 -0.13072709090909093 55
1700 0.1 0.0026506632344033935 6604
