1900 0.3 -0.030893762952074185 963358
1600 0.7 -0.028404799999999994 25
1700 0.9 -0.369105863453815 249
1700 0.6 -0.17992220422535204 1420
1900 0.1 0.019003733586411727 6254726
1800 0.4 -0.08221161478013622 86278
1800 0.0 0.006989000002382827 2941277
1700 0.0 0.001932886935698371 791753
1900 0.4 -0.09498883692202803 394290
1600 0.2 -0.0009688434982738779 1738
2000 0.5 -0.0626703345024168 1607791
1700 0.8 -0.23628520855614982 935
1600 1.0 -0.026821481481481477 27
2000 1.0 -0.5123516401917391 804723
1700 0.5 -0.051208936917672324 6547
1900 0.9 -0.3923493027309678 22373
1800 0.2 0.005731634866442022 709691
2000 0.9 -0.32191879242974547 256424
1800 1.0 -0.346910469307358 32239
1900 0.6 -0.1931498360280722 122277
1500 0.7 -0.03865 1
1800 0.9 -0.36713407002631004 4941
1600 0.0 0.00015943069465844956 62304
1600 0.5 -0.010880373831775703 107
2000 0.2 0.06330596780962056 6296426
1500 0.8 -0.04412 1
1600 0.9 -0.045835 2
1500 0.2 1.0506329113924038e-05 158
1800 0.1 0.013921894382716566 1570955
1700 0.4 -0.08237656883166002 5281
1800 0.5 -0.06758626435456604 86732
1500 0.3 -0.0002236111111111111 36
1600 0.1 -5.95617687884196e-05 5043
1800 0.3 -0.01888570496975189 250415
1900 0.2 0.0041269061395076585 2780872
1600 0.6 -0.028469 20
1500 0.0 0.00014673730184406347 6182
2000 0.3 0.020053795427589 3280616
1800 0.8 -0.23565443603205374 18095
2000 0.1 0.0761538458175296 8095670
1500 1.0 -0.0024 1
1500 0.4 0.000384 5
1900 0.7 -0.1870195053455144 113554
1800 0.7 -0.16639102311549678 27514
1900 1.0 -0.38526165879628493 134682
1900 0.5 -0.09312064646838707 319598
1700 1.0 -0.34721472474612425 1871
1500 0.5 -0.0005114285714285714 7
2000 0.8 -0.2479098131038803 586957
1600 0.8 -0.027373846153846155 13
1600 0.3 -0.0029888340807174875 446
1900 0.0 0.016586853247420808 5608760
1500 0.1 5.1560846560846524e-05 378
2000 0.7 -0.16710108081914538 719621
1700 0.3 -0.014915961002785404 20822
2000 0.6 -0.12437054359542479 1009648
2000 0.0 0.05099624381924765 3170537
2000 0.4 -0.026130665142603166 2194221
1600 0.4 -0.023492962962962962 81
1800 0.6 -0.17455647416524506 27134
1900 0.8 -0.2570935378392646 79362
1700 0.2 0.0016669016823310744 67882
1700 0.7 -0.14498540317834077 1699
1700 0.1 0.007311234561018718 161442
