1800 0.9 -0.35419484495028347 120284
1600 0.1 0.00022278368737346126 93351
1600 0.7 -0.034729317647058826 425
1700 0.9 -0.36953423722693624 5539
1900 0.1 0.019255887743687774 135941120
1800 0.4 -0.0834489726776191 1730888
1800 0.0 0.00751290079726475 67257258
1700 0.5 -0.05861669219445672 110729
1900 0.4 -0.0963613619595587 8797559
1600 0.2 -0.0009549109555591728 30715
2000 0.0 0.053020993537923104 94431791
1700 0.8 -0.2446319100067862 19157
1900 0.6 -0.19550579031837645 2900559
1600 1.0 -0.0896915256797583 662
2000 1.0 -0.5332157815342895 18206496
1500 0.4 -0.001500277777777778 72
2000 0.5 -0.07163371117276263 33943836
1800 0.2 0.004350893194702152 12220068
1500 0.6 -0.0018559999999999996 20
2000 0.9 -0.3371407741287708 5985671
1800 1.0 -0.3562523270774623 714742
1700 0.0 0.0017432664448853422 15618990
1900 0.2 0.00160699595718283 54136775
1500 0.7 -0.0037199999999999993 18
1900 0.9 -0.3886088080068842 623913
1600 0.0 0.0001517683802569647 1415527
1800 0.7 -0.17389614153993627 523188
2000 0.2 0.0585990455846942 136415704
1500 0.3 -0.00010811881188118812 404
1600 0.9 -0.09886672413793106 116
1500 0.2 3.423497267759564e-05 1830
1800 0.1 0.014472058250559116 29083291
1700 0.4 -0.08067416689924611 96741
1800 0.5 -0.07933168085166499 1525203
1800 0.3 -0.024838846251779532 4304388
1900 0.3 -0.039024532758378944 18866536
1600 0.6 -0.030791709401709402 468
1500 0.8 -0.007362222222222222 9
2000 0.3 0.01433510840876659 70972495
1800 0.8 -0.234106660247165 378534
2000 0.1 0.07485918017477004 199166904
1500 1.0 -0.002709 10
1500 0.9 -0.00205 3
1900 0.7 -0.20497501951925154 2325657
1500 0.5 -0.00054625 88
1900 0.0 0.017702795365151902 149509730
1700 1.0 -0.34538717377398687 37520
1500 0.0 1.973089326528696e-05 127756
2000 0.8 -0.2563736130542336 12454787
1600 0.8 -0.055885993883792034 327
1600 0.3 -0.004233714989626556 7712
1900 1.0 -0.4031222871720037 3325185
1900 0.5 -0.10991056221744 6345641
1600 0.5 -0.010327581699346404 2142
1500 0.1 0.00010275541795665636 5814
2000 0.7 -0.1798641914668677 15108642
1700 0.3 -0.015278708139942499 336538
2000 0.6 -0.13167801179560543 22175983
1700 0.6 -0.18533901175232387 28505
2000 0.4 -0.03059055157198149 48259733
1600 0.4 -0.015319663281667558 1871
1800 0.6 -0.1750402902599191 575622
1900 0.8 -0.2618790963264137 1806825
1700 0.2 0.004525728570012112 1079107
1700 0.7 -0.15615263810064323 31716
1700 0.1 0.008376353783159356 2624896
