1900 0.3 -0.036929983806931986 358178
1600 0.7 -0.042401999999999995 5
1700 0.9 -0.4252816666666666 96
1900 0.1 0.017403079193138132 2679007
1800 0.9 -0.3639302173913046 1702
1700 0.2 0.003654484977502516 20669
1800 0.0 0.0062830364840557205 1235992
1700 0.0 0.0015339580886506927 292045
1900 0.9 -0.39224765970515596 9768
1600 0.2 -0.000619643705463183 421
2000 0.3 0.017002618258295955 1376098
2000 0.0 0.053165490883960755 1463737
1700 0.8 -0.25583749253731336 335
1900 0.6 -0.1935784897902578 50589
1600 1.0 -0.040277499999999994 4
2000 0.5 -0.06520384177322346 670961
1800 0.2 0.003550259692286126 224689
1800 1.0 -0.34047550939759336 10375
1900 0.4 -0.09603069297453087 158736
1800 0.4 -0.08341944863205028 28656
1600 0.5 -0.0057282608695652165 23
2000 1.0 -0.518615868431458 333636
2000 0.2 0.06086250732506098 2618069
1500 0.3 -0.00022333333333333333 6
1600 0.9 -0.20734 2
1500 0.2 0.0001072 25
1800 0.1 0.012899099077294888 545352
1700 0.4 -0.08528164782867353 1681
1800 0.5 -0.0732442522529378 26299
1600 0.1 -0.0003904127725856696 1284
1800 0.3 -0.02238018191201228 77510
1900 0.2 0.000736790448246784 1048352
1600 0.6 -0.00051 2
1500 0.0 3.379279679857711e-06 2249
2000 0.4 -0.02692612553654024 942164
1800 0.8 -0.23334737456445892 5740
2000 0.1 0.07540939351418029 3585706
1900 0.7 -0.1973849803762895 42041
1800 0.7 -0.16734099006547323 8858
1900 1.0 -0.38415632967114394 54066
1900 0.5 -0.10208282919539448 117772
1700 1.0 -0.3244973025048175 519
2000 0.8 -0.24591349876305538 245784
1600 0.8 -0.06595999999999999 7
1600 0.3 -0.004838351648351647 91
1900 0.0 0.01667252768864237 2594746
1600 0.0 0.00010388880615537366 20145
1500 0.1 0.00016526315789473683 76
2000 0.7 -0.17062262846437587 297573
1700 0.3 -0.01725150541108054 6191
2000 0.6 -0.12501792855701171 434948
1700 0.6 -0.19782600840336123 476
2000 0.9 -0.31788309239921075 114817
1600 0.4 -0.009927391304347827 23
1800 0.6 -0.17570885826771843 9144
1900 0.8 -0.2579812461484724 31481
1700 0.5 -0.05872615104166664 1920
1700 0.7 -0.17260654929577493 568
1700 0.1 0.008565055799732364 52330
