1900 0.3 -0.03883141252296188 321170
1600 0.7 -0.010034999999999999 2
1700 0.4 -0.059706712062256764 514
1900 0.1 0.01972033094212612 2293271
1800 0.9 -0.32064734933035716 1792
1800 0.5 -0.0828389774015065 15001
1700 0.5 -0.04790673139158578 618
1900 0.9 -0.37565592708820206 14977
1700 0.3 -0.00405029895366219 2007
1600 0.1 -0.00013672703751617114 773
2000 0.3 0.004831523030360653 1679218
2000 0.5 -0.09630232111185305 763410
1700 0.8 -0.1990884090909091 88
1900 0.6 -0.19569642136653934 57005
2000 0.4 -0.0444850034823483 1127105
2000 1.0 -0.5800718578015426 502917
1700 0.9 -0.3859331707317074 41
2000 0.0 0.05730041644989083 3452540
1800 0.2 0.003124933082567966 119102
2000 0.7 -0.2191200929925067 337877
1700 1.0 -0.2870834246575341 219
1900 0.2 0.0026823134960106756 877689
1900 0.4 -0.09286855327446464 162104
1600 0.0 0.00011539050253573036 10845
1800 0.7 -0.16688388619854408 5782
2000 0.2 0.05217315203322576 3232853
1500 0.0 2.0063131313131302e-05 792
1600 0.4 -0.030559999999999997 4
1800 0.1 0.013118531811639031 299403
1700 0.2 0.005460659837300379 6638
1800 0.0 0.007653916568848141 839135
1600 1.0 -0.00618 1
1800 0.4 -0.07934696066945579 17925
1900 0.0 0.016749907321555735 3599003
1600 0.6 -0.004066666666666666 6
1500 0.2 0.00021999999999999995 6
1600 0.2 -0.0011418106995884773 243
1800 0.8 -0.2240258592278726 4248
2000 0.1 0.07643614985022115 5609826
1900 0.7 -0.21466593783179183 44267
1900 1.0 -0.4209113073831462 76634
1800 0.3 -0.026070970568040617 42233
2000 0.8 -0.2974887908549526 275517
1600 0.8 -0.006788000000000001 5
1600 0.3 -0.0022138297872340428 47
1900 0.5 -0.12127235801846935 111106
1600 0.5 -0.0034300000000000003 15
1500 0.1 9.449999999999999e-05 40
1800 1.0 -0.3480796690127467 10514
2000 0.6 -0.16010824855156278 509327
1700 0.6 -0.15814132911392392 158
2000 0.9 -0.3928905261835757 151259
1600 0.9 -0.0056 1
1800 0.6 -0.16279639987395697 6347
1900 0.8 -0.27404778786127515 34600
1700 0.0 0.0010456809159321032 108567
1700 0.7 -0.14536864130434785 184
1700 0.1 0.006008363691931542 16360
