1900 0.3 -0.03642245326029226 847941
1600 0.7 -0.008416923076923077 13
1700 0.9 -0.3534945662100457 219
1900 0.1 0.01821164034752969 6076377
1800 0.9 -0.3555406042726352 4915
1700 0.2 0.0027802816341143035 50278
1800 0.5 -0.07211656015037793 70224
1700 0.5 -0.056047317497103136 5178
1900 0.4 -0.09573292595226195 382132
1700 0.3 -0.01400262902819722 15888
1600 0.2 -0.001948372093023254 1290
2000 0.5 -0.06723996053988485 1618597
1700 0.8 -0.24477507975460114 815
2000 0.4 -0.027796110627715746 2274709
2000 0.0 0.05212063330133496 3930072
1800 0.2 0.004351203097867166 553413
1500 0.6 -0.00135 1
1800 1.0 -0.3447585498568912 30397
1900 0.6 -0.19251406332414447 123239
1800 0.4 -0.0805036609275397 76202
1600 0.5 -0.02295173913043478 92
2000 1.0 -0.5223653139476396 839105
2000 0.2 0.06089195319943204 6350489
1900 0.9 -0.38617506332653645 25029
1500 0.3 -6.000000000000001e-05 20
1600 0.9 -0.14708 2
1500 0.2 4.795698924731183e-05 93
1800 0.1 0.013893002161906429 1278502
1700 0.4 -0.08125530987514144 4405
1800 0.0 0.0067572901958218995 3080706
1600 1.0 -0.04170888888888889 18
1600 0.1 0.00012392714453583967 4255
1800 0.3 -0.022790790248391996 195660
1900 0.2 0.0017374616757903467 2450605
1600 0.6 -0.03995999999999999 15
1500 0.4 -0.00026333333333333336 3
2000 0.3 0.016870651947310196 3329288
1800 0.8 -0.22804381953702568 16502
2000 0.1 0.07541186172991954 8816687
1900 0.7 -0.19814510904253552 102162
1800 0.7 -0.16867301004058358 23405
1500 0.5 0.0 2
1900 0.0 0.016270272345227148 6753377
1700 1.0 -0.3384740109890109 1638
1500 0.0 9.874963652224487e-06 6878
2000 0.8 -0.24931196036429354 603092
1600 0.8 -0.04618549999999999 20
1600 0.3 -0.0008674858757062147 354
1900 0.5 -0.10313702151036795 284886
1600 0.0 9.711084774121572e-05 71720
1500 0.1 0.00010496527777777781 288
2000 0.7 -0.1724914204353536 727256
1900 1.0 -0.3898465685255954 139561
2000 0.6 -0.12674849957547976 1056341
1700 0.6 -0.20594781833616263 1178
2000 0.9 -0.3226724375810775 282206
1600 0.4 -0.0019969696969696984 66
1800 0.6 -0.17017653044903344 25009
1900 0.8 -0.25351195275652005 77598
1700 0.0 0.0016659551107428467 770162
1700 0.7 -0.1555928857715434 1497
1700 0.1 0.0076873022512803325 121442
