1800 0.4 -0.09340415464684078 13450
1900 0.3 -0.04046534095673274 112111
1600 0.7 -0.00728 4
1700 0.9 -0.33323374999999994 24
1900 0.1 0.01994881752111767 809469
1800 0.9 -0.3816476074332176 861
1800 0.5 -0.08308224849598951 11968
1700 0.5 -0.04783838592233004 824
1900 0.4 -0.09911524451020504 51368
1700 0.3 -0.013481508064516123 2480
1600 0.2 -0.00047269360269360276 297
2000 0.3 0.013038611786203518 363323
2000 0.0 0.05242550758531941 515667
1700 0.8 -0.2293192592592592 108
1900 0.6 -0.19876763917106585 17227
2000 0.4 -0.033129179960798005 243842
1700 0.4 -0.07826047368421057 570
2000 0.5 -0.07229115327873388 172170
1800 0.2 0.005650501064736135 93920
1800 1.0 -0.37108381845182686 5387
1900 0.2 0.0006587033981062381 323592
1900 0.9 -0.3786725773195884 3686
1600 0.0 0.0001515809299587995 8495
2000 1.0 -0.5401420369120856 93357
2000 0.2 0.05664945725312221 713795
1500 0.3 -0.0001323076923076923 13
1600 0.9 -0.05985 1
1500 0.2 0.00010468749999999999 32
1800 0.1 0.01651743325226216 219558
1700 0.2 0.00014983593950269178 7802
1800 0.0 0.00871266776357698 431515
1600 1.0 -0.08346 7
1600 0.1 0.00016555854643337847 743
1800 0.3 -0.027618464659408114 32781
1900 0.0 0.018707160860655415 803018
1600 0.6 -0.0939325 4
1500 0.9 -0.00251 1
2000 0.9 -0.34806562118614803 29170
1800 0.8 -0.23510637475214852 3026
2000 0.1 0.07373575213519028 1064177
1500 0.4 -0.000915 4
1900 0.7 -0.20150888642063128 13955
1800 0.7 -0.1818775353971662 4167
1500 0.5 -0.001422 5
1700 1.0 -0.31235701195219134 251
1500 0.0 4.129785247432307e-05 1071
2000 0.8 -0.2590769199503243 61999
1600 0.8 -0.165865 2
1600 0.3 0.0027018750000000003 80
1900 0.5 -0.10882619623691311 38107
1600 0.5 -0.0033710344827586206 29
1500 0.1 5.639175257731957e-05 97
2000 0.7 -0.18215781591097796 74942
1900 1.0 -0.3912238596401516 19564
2000 0.6 -0.13375157425427814 110465
1700 0.6 -0.18514840909090904 176
1900 0.8 -0.2621350618856931 10988
1600 0.4 -0.002678636363636364 22
1800 0.6 -0.1838861408918406 4216
1700 0.0 0.001830288153125361 115043
1700 0.7 -0.1274515384615385 208
1700 0.1 0.004864286274894503 20386
