1800 1.0 -0.356367574016872 55359
1800 0.4 -0.08368787936444694 136129
1600 0.7 -0.02516093749999999 32
1700 0.9 -0.34732139650872834 401
1900 0.1 0.01972300633309807 9718351
1800 0.9 -0.3463002041248003 9455
1800 0.0 0.007938925853159431 4863916
1700 0.0 0.0018286370792373564 1126199
1900 0.9 -0.3865464515778699 46043
1700 0.3 -0.017260992853393557 24767
1600 0.2 -0.0007223846527440499 2059
2000 0.3 0.014549296217079035 5164404
2000 0.0 0.05303831152324135 6520475
1700 0.8 -0.243795570776256 1533
1900 0.6 -0.19358389576412674 216317
2000 0.4 -0.03036625250183717 3554214
2000 1.0 -0.530510083449776 1319478
1700 0.5 -0.06059984408731109 8338
2000 0.5 -0.07125537542829213 2489450
1800 0.2 0.004472228822425873 925224
1500 0.6 -0.0010125 4
2000 0.7 -0.18011307076051833 1103033
1900 0.2 0.0021966985193075496 3911763
1900 0.4 -0.09492673201380873 651392
1600 0.0 0.00010766645021205825 98558
1800 0.7 -0.17410979296844653 39849
2000 0.2 0.05974587274818111 9962416
1500 0.3 1.5999999999999992e-05 30
1600 0.4 -0.0065703731343283575 134
1500 0.2 0.00012810810810810815 148
1800 0.1 0.015102171747442715 2210455
1700 0.4 -0.07675842615012078 7434
1800 0.5 -0.081572255863947 115366
1600 1.0 -0.0806763157894737 38
1600 0.1 -6.0914653278946015e-05 6374
1800 0.3 -0.025673509752401465 323869
1900 0.3 -0.03883155691076502 1364362
1600 0.6 -0.008730799999999999 25
1500 0.8 -0.0019 1
2000 0.9 -0.33798050628972226 433487
1800 0.8 -0.23435108292749074 29568
1500 0.4 -0.0027828571428571425 7
2000 0.1 0.07562874418522707 14333624
1500 0.9 -0.00231 1
1900 0.7 -0.20443798353451983 169202
1500 0.5 0.000405 4
1900 0.0 0.017961413461427475 10494478
1700 1.0 -0.3454165143224971 3107
1500 0.0 1.2755029825093522e-05 9891
2000 0.8 -0.256827798298733 918258
1600 0.8 -0.035093599999999996 25
1600 0.3 -0.005989029126213594 515
1900 0.5 -0.10972581286799252 464688
1600 0.5 -0.009199276315789472 152
1500 0.1 -8.385093167701866e-06 483
1900 1.0 -0.39893128607701195 242225
2000 0.6 -0.13222594012879074 1636271
1700 0.6 -0.17781884732492365 2299
1900 0.8 -0.2587204640876295 133617
1600 0.9 -0.07075250000000001 8
1800 0.6 -0.17630991745385421 45308
1700 0.2 0.004991750558049495 81534
1700 0.7 -0.15927945187165762 2244
1700 0.1 0.008937519853787912 199710
