1800 0.4 -0.08637809570436718 94980
1900 0.3 -0.03536518766382703 1123951
1600 0.7 -0.05676136363636363 22
1700 0.4 -0.07447717334929117 5013
1900 0.1 0.018444879876600182 7838772
1800 0.9 -0.3395939463220673 6036
1800 0.0 0.007154302811253087 3972217
1700 0.5 -0.03648937515284912 8178
1700 0.3 -0.01108026136217322 23301
1600 0.2 -0.0010513613861386137 2020
2000 0.5 -0.06905131212388094 1847417
1700 0.8 -0.2105971718249735 937
1900 0.6 -0.1957809080192105 157772
1600 1.0 -0.066992 30
2000 1.0 -0.5266555154350898 994558
1700 0.9 -0.3506014184397162 282
2000 0.0 0.05203873389867555 5212711
1800 0.2 0.0026629221685018642 790721
1500 0.6 -0.00253 1
2000 0.9 -0.333496705226551 317169
2000 0.7 -0.1766943186658185 823942
1900 0.9 -0.38639298455494775 33603
1500 0.7 -0.0014099999999999998 2
1900 0.4 -0.09627259789497757 488942
1600 0.0 0.00010378283368364156 81357
1600 0.5 -0.003362341772151898 158
2000 0.2 0.05781951340812891 7515062
1500 0.3 0.00059 17
1600 0.9 -0.07224333333333333 3
1500 0.2 6.999999999999998e-05 118
1800 0.1 0.011663925450580299 1877466
1700 0.2 0.0029695586462044218 72980
1800 0.5 -0.06515035709599853 99077
1600 0.1 -3.489921121822947e-05 5705
1800 0.3 -0.0215545468075946 278160
1900 0.2 0.001751774690624122 3184093
1600 0.6 -0.02903294117647059 17
1500 0.0 7.835596854896366e-06 6995
2000 0.3 0.015349201442858855 3891468
1800 0.8 -0.22890189285535015 19917
2000 0.1 0.07286043038524447 11029911
1500 0.4 -0.0007733333333333333 3
1900 0.7 -0.19722352516709973 134978
1800 0.7 -0.16255788266458895 30954
1900 1.0 -0.39665044204100114 184734
1900 0.0 0.017295530899172674 8316306
1700 1.0 -0.30112172627563183 2097
1500 0.5 -0.00013666666666666666 9
2000 0.8 -0.2537771563678316 669633
1600 0.8 -0.094899 10
1600 0.3 -0.0024112398373983728 492
1900 0.5 -0.10008653062827347 382245
1500 0.1 0.00017269662921348314 356
1800 1.0 -0.33887998152974325 39523
2000 0.6 -0.1310327246779704 1178888
1700 0.6 -0.17553336648814055 1307
2000 0.4 -0.030414661210907672 2586787
1600 0.4 -0.021644479166666675 96
1800 0.6 -0.17617979810214907 29718
1900 0.8 -0.26240620924406066 99004
1700 0.0 0.0014331569082607623 973161
1700 0.7 -0.13721379787234075 1880
1700 0.1 0.005465342970119487 176269
